time,seconds_elapsed,z,y,x
1783169465257844700,0.1438447265625,0.06959142262041568,-0.0016910218268632888,-0.09180296216756105
1783169465267793700,0.153793701171875,0.13796411710083484,0.067595280367136,-0.06263663504645228
1783169465277742600,0.16374267578125,0.08513444418907165,0.14497779525518417,-0.0277859786786139
1783169465287691500,0.17369140625,0.029907062485814092,0.13534019833803176,-0.010004092141985893
1783169465297670700,0.183670654296875,0.022412322816252706,0.12062018359005451,-0.0152191964417696
1783169465307619800,0.193619873046875,-0.007951835787296295,0.1500479381263256,-0.05072846284881234
1783169465317567700,0.203567626953125,-0.06384440340101719,0.1617068117380142,-0.10276044604424386
1783169465327516700,0.2135166015625,-0.015332593688368796,0.1759720684558153,-0.12446049240529536
1783169465337495800,0.223495849609375,0.051044543060660356,0.19346739313602446,-0.16170432751998304
1783169465347444700,0.23344482421875,0.054335985821485515,0.1976221747279167,-0.21282953460142015
1783169465357393700,0.2433935546875,0.06602350100576877,0.17049860548079013,-0.18617990300897508
1783169465367372800,0.253372802734375,0.08655950855612754,0.10703180322051048,-0.15260156813189388
1783169465377321700,0.26332177734375,0.09806289934515952,0.0777075090587139,-0.13983623111564666
1783169465387269600,0.27326953125,0.1459481015920639,0.07442600317001342,-0.15307444634065032
1783169465397218800,0.28321875,0.22389760271310805,0.08126841641068458,-0.17995836161300538
1783169465407197700,0.29319775390625,0.2410007132053375,0.08393968144655227,-0.17759864674434064
1783169465417146600,0.303146728515625,0.2636146960735321,0.06150339323282242,-0.1384951552376151
1783169465427095600,0.313095458984375,0.22736615560650825,0.05263210451304912,-0.0901439429141581
1783169465437044700,0.323044677734375,0.15511340482234953,0.03401625137031078,-0.07101765603125094
1783169465447023600,0.333023681640625,0.13252514091730117,0.04633621923923492,-0.05664134015440941
1783169465456972500,0.34297265625,0.06994272027611732,0.07547814257144927,-0.02466273209154606
1783169465466920700,0.352920654296875,0.059742813301086425,0.07926467537283897,-0.019196575640141964
1783169465476900900,0.36290087890625,0.00779693748652935,0.07830839756131172,0.0007183774024248123
1783169465486848500,0.3728486328125,-0.05409574732482433,0.07014788745939732,0.02003109023552388
1783169465496797700,0.382797607421875,-0.0476531470566988,0.04921148241460323,0.02617036017552018
1783169465506747000,0.392746826171875,-0.05002922853827476,0.04521569077670574,0.051879824841022486
1783169465516725800,0.402725830078125,-0.07354220607280731,0.05643617297112941,0.07067191133350134
1783169465526674700,0.4126748046875,-0.11099544615447521,0.06343757616579532,0.09898406931068747
1783169465536622800,0.422622802734375,-0.09091653472185135,0.055361237215995784,0.12374167661145329
1783169465546571800,0.43257177734375,-0.04572188673317432,0.07159983983337878,0.12113467245083301
1783169465556550700,0.442550537109375,-0.05101005626916885,0.08910919303894042,0.10756313361823558
1783169465566499600,0.45249951171875,-0.04253039721548557,0.06194879891276359,0.0963148866340518
1783169465576448800,0.46244873046875,-0.025593875461816785,0.049503743359446524,0.1075308387838304
1783169465586427600,0.472427734375,0.019867899030447004,0.08212064932584762,0.10210384529903531
1783169465596376600,0.48237646484375,0.08244213636517524,0.12464110966920852,0.07642550642415881
1783169465606325500,0.492325439453125,0.09149930304586887,0.12265256620049476,0.07090089778378605
1783169465616273700,0.502273681640625,0.08736205711066722,0.10024901121258735,0.08255198994781822
1783169465626253600,0.512253662109375,0.14779635980725286,0.08872457763552666,0.07393558930456638
1783169465636201700,0.52220166015625,0.2100923647224903,0.10517653074264526,0.04176496580094099
1783169465646150700,0.532150634765625,0.2514963882565498,0.1299883159160614,0.0264168822824955
1783169465656099800,0.542099853515625,0.29435470225214955,0.113287941005826,0.029428631319105624
1783169465666078700,0.55207861328125,0.2878653402328491,0.11962357376813888,0.023560031546652316
1783169465676027600,0.562027587890625,0.24948972460925578,0.12517536267638205,0.002210369525849819
1783169465685975800,0.571975830078125,0.2001362033754587,0.12044891867637633,-0.01720120057184249
1783169465695955700,0.581955810546875,0.17948329144716263,0.14670798004865646,-0.04056318879574537
1783169465705903900,0.59190380859375,0.2015127524256706,0.20471768594682216,-0.08656506151407957
1783169465715852800,0.601852783203125,0.1753711799532175,0.21622166125774384,-0.08364990471974015
1783169465725801700,0.6118017578125,0.14429332012236118,0.14361001403331755,-0.02594765733554959
1783169465735780600,0.621780517578125,0.20583704536557196,0.07717793222665786,-0.005737520738691091
1783169465745729800,0.631729736328125,0.2161357365399599,0.07649228805005549,0.0029554888047277927
1783169465755678700,0.6416787109375,0.186185419434309,0.07246376318633556,0.0038207273319363594
1783169465765626600,0.651626708984375,0.13484218568801878,0.015324410381913183,-0.00042670097947120663
1783169465775606500,0.6616064453125,0.12390344304442405,-0.04228606706559658,0.012558598930388689
1783169465785554700,0.6715546875,0.18573592210114,0.01709434266388416,-0.009102028735727071
1783169465795503600,0.681503662109375,0.06945172188878058,0.0965437269538641,-0.09685103933736681
1783169465805482800,0.691482666015625,-0.01702478455901146,0.055770987060666084,-0.15761106685698031
1783169465815431700,0.701431640625,0.03011456775665283,0.02229191130697727,-0.1674516755329445
1783169465825380900,0.711380859375,-0.009544657936692237,0.06748363668620586,-0.14149448318406938
1783169465835329800,0.721329833984375,-0.060729486250877374,0.07710837412178516,-0.10835486851781606
1783169465845308700,0.73130859375,-0.02713525968492031,0.035270050823688504,-0.09323007236123085
1783169465855256800,0.7412568359375,-0.006731938603520393,0.006678747111558914,-0.07401055423691869
1783169465865205800,0.751205810546875,0.05511690706610679,0.017131752064824105,-0.06575184445753693
1783169465875154700,0.76115478515625,0.11174012704193591,0.039893034449219704,-0.05550736768841743
1783169465885133800,0.7711337890625,0.07417173614799975,0.032573066824674604,-0.05532952690348029
1783169465895082800,0.781082763671875,0.032122984969615936,-0.011821370697021483,-0.04038578640222549
1783169465905031700,0.79103173828125,0.04053483948409557,-0.027515783435106276,-0.045175395298935474
1783169465915010800,0.8010107421875,0.00982990461885929,0.018475275628268718,-0.05441946285385638
1783169465924959700,0.810959716796875,0.0033434652090072628,0.021958441568911073,-0.06950126011893153
1783169465934907600,0.82090771484375,0.039758594414591786,0.03606938450783491,-0.08080898220539093
1783169465944856600,0.830856689453125,0.02750993821620941,0.08646919992417097,-0.07811667438149451
1783169465954835700,0.840835693359375,0.003085691055655479,0.09855477451533079,-0.08019278653580694
1783169465964784600,0.85078466796875,-0.015574585750699043,0.09303981048613787,-0.07112188359070569
1783169465974733600,0.860733642578125,-0.05121989962756633,0.11626081933677196,-0.07463920752927661
1783169465984682800,0.870682861328125,-0.018713468298316,0.1309092301532626,-0.05472586192190647
1783169465994662000,0.880661865234375,-0.06411620607972145,0.14513912329673767,-0.026827947301417587
1783169466004610800,0.89061083984375,-0.10583937856554984,0.11154840386211871,-0.007604775915294885
1783169466014558700,0.900558837890625,-0.05994038169980049,0.07803659488260746,0.005715162776410579
1783169466024539000,0.910538818359375,-0.07775310176610946,0.08894552690982818,0.01834229689836502
1783169466034486800,0.92048681640625,-0.08104045287370681,0.08899550353139639,0.010247253248095512
1783169466044435700,0.930435791015625,-0.0665232672214508,0.05630348650217056,-0.011039572669565676
1783169466054384600,0.940384521484375,-0.05650456203222275,0.050044426107406614,-0.027050650141388178
1783169466064363800,0.95036376953125,-0.03648176470100879,0.0626543168336153,-0.018101181618869304
1783169466074312700,0.960312744140625,-0.029079964011907575,0.04454992034435272,-0.028794717329740524
1783169466084260600,0.970260498046875,-0.006204115337133408,0.03199672824144363,-0.042594986884295936
1783169466094209800,0.980209716796875,-0.013508885392546653,0.031022914773225784,-0.03641732116267085
1783169466104188700,0.990188720703125,-0.004339490509033203,0.026251170326769352,0.0013094751633703709
1783169466114137600,1.0001376953125,0.008781856870651245,0.006725508862733841,0.022572043422609565
1783169466124086500,1.01008642578125,0.08325403726994991,0.03429448378980159,0.006227642343193293
1783169466134065700,1.020065673828125,0.10928864223659038,0.08156301544308663,-0.006466711796075105
1783169466144014600,1.0300146484375,0.07182254267334938,0.08502747668325901,-0.0052064826019108295
1783169466153989400,1.0399892578125,0.04687865555286407,0.07364099027216434,-0.006224427472800016
1783169466163937300,1.049937255859375,0.06868541369140148,0.07511456995606422,-0.039360535007715226
1783169466173917200,1.059917236328125,0.10690203936100005,0.11741437328606844,-0.06312240926939994
1783169466183865300,1.069865234375,0.08490414256453514,0.11292319934666156,-0.03231134714856743
1783169466193814300,1.079814208984375,0.07634615757763386,0.051288288688659665,-0.0003472425350919366
1783169466203763200,1.08976318359375,0.0366775795340538,0.02985708586424589,0.008104542130976914
1783169466213742300,1.099742431640625,0.06000175649821758,0.07204232290387153,-0.022702245673537253
1783169466223691300,1.109691162109375,0.1376268479704857,0.14070318667590617,-0.03457636947110295
1783169466233639200,1.11963916015625,0.10002513932883739,0.14901479568630457,-0.0054964054591953755
1783169466243619300,1.129619384765625,0.046592239826917646,0.10792729075551033,0.010820084699988365
1783169466253567200,1.139567138671875,0.06674304745197296,0.10003507620096207,0.029450989281386137
1783169466263516400,1.149516357421875,0.07069675351381302,0.11583470287919044,0.05387494418099522
1783169466273465300,1.15946533203125,0.0632464375078678,0.1344859195962548,0.07739478984773158
1783169466283444500,1.169444580078125,0.03123743430674076,0.10518792891949415,0.07257084029000252
1783169466293393400,1.179393310546875,0.07482932327389717,0.06714461399018765,0.042186113822460174
1783169466303342300,1.18934228515625,0.14016776462495326,0.08448620941340923,0.03153787855803966
1783169466313290200,1.199290283203125,0.14397709378004073,0.1097998066291213,0.05196005047038197
1783169466323270400,1.2092705078125,0.12205460030734538,0.0866179607450962,0.04060936602503061
1783169466333218300,1.21921826171875,0.14044248991310596,0.06493395220339297,0.024942279685288667
1783169466343167200,1.229167236328125,0.17184709748029708,0.09592939444780349,-0.004967997670918703
1783169466353146400,1.239146484375,0.14676409415006636,0.13783669132888315,-0.01281798051893711
1783169466363095300,1.24909521484375,0.08560381526648998,0.10945640001893042,0.00215805481672287
1783169466373044200,1.259044189453125,0.0666407561212778,0.04979834239184856,-0.00726604548022151
1783169466382992400,1.268992431640625,0.03428337787389755,0.0783919841915369,-0.0065723641276359554
1783169466392972300,1.27897216796875,-0.036707390150427816,0.11338204903006553,0.0010739128418266772
1783169466402920200,1.288920166015625,-0.06640402475595474,0.10327625007927417,0.008299626311659812
1783169466412869000,1.298869140625,-0.060517304804921145,0.07273790395259856,-0.025454174730181692
1783169466422818300,1.308818359375,-0.0789057789325714,0.07505553324520588,-0.06559168545976281
1783169466432797400,1.31879736328125,-0.09682371293902396,0.07760112607479094,-0.10785232582315801
1783169466442746400,1.328746337890625,-0.032661914151906966,0.06070026015639305,-0.09953194898441434
1783169466452695300,1.3386953125,0.011927753680944442,0.08148352046608924,-0.038392128366976974
1783169466462674400,1.34867431640625,0.0329740488409996,0.08948620965778827,-0.010472732567042111
1783169466472623400,1.358623291015625,0.08552607385516166,0.05612900671809912,-0.023213263935595748
1783169466482571300,1.3685712890625,0.10381576378345489,0.03625613925158977,-0.03278933992385864
1783169466492520400,1.3785205078125,0.11179799470901489,0.030880875954031942,-0.024530484014004466
1783169466502499300,1.388499267578125,0.11804302657842636,0.021779285609722136,-0.03984831852465868
1783169466512448300,1.3984482421875,0.08661445361375808,0.016450199541449547,-0.07028904949575662
1783169466522397200,1.408397216796875,0.08234276764392852,0.007934300130605696,-0.09912716757580638
1783169466532345300,1.418345458984375,0.11724573872089385,0.011786591644585133,-0.10624609620291739
1783169466542325200,1.4283251953125,0.1253957274287939,0.016422434751689433,-0.1095351643435657
1783169466552273200,1.438273193359375,0.13660744179487228,0.02373188098222017,-0.08906886102855205
1783169466562222300,1.448222412109375,0.10697101294398308,0.045207507470250125,-0.06447948643416165
1783169466572201200,1.458201171875,0.08176175288558006,0.04991466224789619,-0.0519784629099071
1783169466582150100,1.468150146484375,0.14131050491929054,0.0866509862318635,-0.059480801364034414
1783169466592099300,1.478099365234375,0.13733283345997332,0.14321020106077192,-0.061182344584912056
1783169466602048500,1.488048583984375,0.13851298315525054,0.13361205937117338,-0.020300189500488338
1783169466612027400,1.49802734375,0.14575696293413637,0.0697016049966216,0.016056049124710262
1783169466621976300,1.507976318359375,0.1649053155183792,0.05600187320709228,0.06698650081902742
1783169466631924500,1.517924560546875,0.10235329001545905,0.047834933364391326,0.09983706941083073
1783169466641873400,1.527873291015625,0.0619441227376461,0.018529343903064727,0.10950929924994707
1783169466651852300,1.537852294921875,0.03566343405544758,0.00528816953599453,0.11110135421436279
1783169466661801200,1.54780126953125,-0.021253800430893897,0.027498832300305365,0.12522530276533214
1783169466671750400,1.55775048828125,-0.01641337466239929,0.05513210463523865,0.11480609048381447
1783169466681729300,1.567729248046875,-0.035730069550871844,0.08852817828059197,0.09392316919192671
1783169466691678200,1.57767822265625,-0.07727437833845614,0.08833294796943664,0.08337178189810365
1783169466701626400,1.58762646484375,-0.055659343379735944,0.09722001878023147,0.11123729208633303
1783169466711575300,1.5975751953125,-0.02624035667181015,0.12626198886930942,0.09404021970033645
1783169466721554200,1.60755419921875,-0.02346563126146793,0.14722557418197393,0.06964340853597968
1783169466731503400,1.61750341796875,0.022160978403687477,0.15796645616590976,0.062264879124611615
1783169466741452300,1.627452392578125,0.06479191338419914,0.17418080112487078,0.06352671575397252
1783169466751401500,1.6374013671875,0.09487550148069858,0.1704565199047327,0.04337634652033448
1783169466761380400,1.64738037109375,0.15213175866305828,0.17017185774445534,0.04751783023923635
1783169466771329300,1.657329345703125,0.2213163540482521,0.16338322051763535,0.04955532741621137
1783169466781277400,1.66727734375,0.2638496738731861,0.13345453072190283,0.04134670385625213
1783169466791257300,1.67725732421875,0.23547055160701275,0.07458557764589786,0.0502198922721669
1783169466801205500,1.68720556640625,0.19702303979098795,0.04771159924566745,0.05035447843726724
1783169466811154400,1.697154541015625,0.10910276427567005,0.0856026462227106,0.015876491306722165
1783169466821103400,1.707103271484375,0.009932195949554443,0.10518617535382509,-0.024848171661049127
1783169466831082200,1.717082275390625,-0.055364744347333905,0.12964315574020147,-0.08597484053596853
1783169466841031400,1.727031494140625,-0.09075929833352565,0.17400515229701996,-0.13092018993869423
1783169466850980400,1.73698046875,-0.12062135263383388,0.2037856657937169,-0.14480437491703776
1783169466860928300,1.74692822265625,-0.11289221968650817,0.18391864354610443,-0.1374839323684573
1783169466870907400,1.756907470703125,-0.07488543737530708,0.1041898577928543,-0.09486191134676336
1783169466880856300,1.766856201171875,0.007387772163748741,0.035678631624579425,-0.04357523009330034
1783169466890805200,1.77680517578125,0.10179039543569088,-0.0017860066339373587,-0.01089815490487963
1783169466900784000,1.7867841796875,0.10207447307407855,0.004765606966614723,-0.011263590683788061
1783169466910733300,1.7967333984375,0.08248948263823985,-0.03431172718554735,-0.012824446792341768
1783169466920682500,1.8066826171875,0.09276537745893002,-0.05194879842400551,-0.034599604216217994
1783169466930630400,1.81663037109375,0.0635170711427927,-0.025655250260233877,-0.053984395904839035
1783169466940610300,1.8266103515625,0.03485854741334915,-0.035547114199399946,-0.07572787954881786
1783169466950558500,1.836558349609375,0.07584639136195183,-0.052280806857347484,-0.10003697589710354
1783169466960507400,1.84650732421875,0.09597615619897842,-0.028846155256032943,-0.1096688737258315
1783169466970456300,1.856456298828125,0.09803893394768237,-0.0003898761004209518,-0.10891969932634382
1783169466980435500,1.866435546875,0.1024380456894636,0.006270750832557678,-0.13345818398371337
1783169466990384400,1.87638427734375,0.13425181857943533,0.015038579177856445,-0.14458879593759774
1783169467000333300,1.886333251953125,0.16206395461261272,0.026648352950811385,-0.10456102919280529
1783169467010312200,1.896312255859375,0.19137129763960836,0.012999766826629637,-0.09436009930446744
1783169467020261400,1.906261474609375,0.2046814455896616,-0.02655015327334404,-0.10281783878728747
1783169467030209300,1.916209228515625,0.16421557968854902,-0.06202595580220222,-0.07964782947152853
1783169467040158200,1.926158203125,0.13883914636969566,-0.06080664314031601,-0.05687927709612995
1783169467050137300,1.936137451171875,0.12745733613371849,-0.02313888352513313,-0.03697247082740068
1783169467060086300,1.946086181640625,0.08009235836863517,0.025202245795726774,-0.03301511150375008
1783169467070035200,1.95603515625,0.06837269448041916,0.06369067414402961,-0.046417029390484095
1783169467079983400,1.9659833984375,0.051454292905330656,0.10445815334022045,-0.043398119960725304
1783169467089963500,1.975963623046875,0.023944939211010933,0.12761164991259574,-0.0411804439112544
1783169467099911200,1.9859111328125,0.05418751726150512,0.1320873340219259,-0.0459776150599122
1783169467109860400,1.9958603515625,0.049013914015889164,0.15329846435487268,-0.024511779313534498
1783169467119839500,2.005839599609375,0.05813537810444831,0.17540917387604713,0.010457242736965418
1783169467129788400,2.015788330078125,0.09792495217919349,0.15591887598633766,0.04703969133347272
1783169467139737300,2.0257373046875,0.08587795603275299,0.1707800527706742,0.06641629971563816
1783169467149714700,2.035714599609375,0.020389292556047437,0.1921349754884839,0.08708353243023156
1783169467159693800,2.04569384765625,-0.07186813538074494,0.14000906693190335,0.10704860822483897
1783169467169642800,2.055642822265625,-0.008858429238200188,0.0853150614529848,0.09521291674152016
1783169467179590700,2.065590576171875,0.05596738641560077,0.13895605074763298,0.07436901228576898
1783169467189539600,2.07553955078125,0.004166472029685974,0.17989596390128135,0.07481032631248236
1783169467199518700,2.085518798828125,0.016249124011397362,0.11552987471371888,0.09857563464026897
1783169467209467600,2.095467529296875,0.037215339672565455,0.07930354607850312,0.11883501720633358
1783169467219416600,2.10541650390625,0.045592707395553586,0.09507657701075077,0.09761457105576991
1783169467229395700,2.115395751953125,0.08493103057146072,0.10283084439933299,0.08054317087605595
1783169467239344600,2.1253447265625,0.14977964257895945,0.08992693916261196,0.10016849332228302
1783169467249292500,2.13529248046875,0.16286533412337303,0.07006371630728245,0.12042904493212699
1783169467259241700,2.14524169921875,0.12863397869765758,0.049798634652793404,0.11782335594575852
1783169467269220600,2.155220703125,0.08784194958209991,0.027315292426943777,0.08588599320873617
1783169467279169800,2.165169677734375,0.1052922660768032,-0.005728022257983684,0.06055792907625437
1783169467289118700,2.17511865234375,0.12492109565436839,-0.012014847442507743,0.05227203902900219
1783169467299067600,2.185067626953125,0.08531272336542606,-0.009321955096721648,0.04336187960356474
1783169467309046800,2.195046875,0.07604863593578338,-0.05075783507376909,-0.004175532118976116
1783169467318995700,2.20499560546875,0.11765665760934352,-0.06147299809455871,-0.02863748094141483
1783169467328943600,2.214943603515625,0.11646014130115509,-0.024535890841484068,-0.02535436761751771
1783169467338923800,2.224923828125,0.10550912369787692,0.00064005146920681,-0.00994359412640333
1783169467348871700,2.23487158203125,0.06305003815293311,0.0022077391773462295,0.0011056231543421745
1783169467358820600,2.244820556640625,-0.019253566524386406,0.02175385890752077,-0.005221095649152994
1783169467368769500,2.25476953125,-0.09349310721158981,0.04770867663621902,-0.021465981876850126
1783169467378748700,2.264748779296875,-0.1335305185675621,0.08572977973371744,-0.0229267020791769
1783169467388697600,2.274697509765625,-0.16564356666505337,0.1260863400414586,-0.04732365937400609
1783169467398645800,2.284645751953125,-0.17228373533189295,0.15964783338159322,-0.07994257463440299
1783169467408594700,2.2945947265625,-0.12329846288859843,0.19794249272346495,-0.06738266052976251
1783169467418573600,2.304573486328125,-0.0967740285784006,0.22028233482539653,-0.04994768773466348
1783169467428522800,2.314522705078125,-0.04469137464165687,0.22056816602945326,-0.0442217113032937
1783169467438471700,2.3244716796875,0.03783025670051574,0.2400534954831004,-0.043370099442638456
1783169467448450800,2.334450927734375,0.10474690715372562,0.2579649997487664,-0.04624371865019202
1783169467458399700,2.344399658203125,0.17954525076746938,0.27438334284722804,-0.06938552478477358
1783169467468348700,2.3543486328125,0.29699264954030513,0.2671659588143229,-0.051274990815669295
1783169467478296800,2.364296875,0.32809096763730045,0.25866087305843827,-0.0022505554057657717
1783169467488276700,2.37427685546875,0.3180155638247728,0.23786884492039678,0.033587650694698094
1783169467498224600,2.384224609375,0.26268063009381293,0.18838848243653772,0.03646934361085295
1783169467508173800,2.394173828125,0.22386720757484435,0.1666194259598851,0.036425796730071305
1783169467518122800,2.404122802734375,0.2319610821813345,0.188029878257215,0.035236258151941
1783169467528101600,2.4141015625,0.17808862221837043,0.20281565171778201,-0.00032397125735878944
1783169467538050600,2.424050537109375,0.135464701500535,0.17346359276622533,-0.006108399877697229
1783169467547998700,2.433998779296875,0.08706570451259613,0.10007979212552308,0.008438304129987955
1783169467557978600,2.443978515625,0.07340951960384845,0.039021804572641844,0.001652151121199131
1783169467567926500,2.453926513671875,0.03885550809502601,0.002765373060107231,-0.02496200729906559
1783169467577875700,2.463875732421875,-0.08455167586505413,-0.09161065446585416,-0.03556801085695624
1783169467587825000,2.473824951171875,-0.14612871885597706,-0.15842998202443123,-0.0352824901801534
1783169467597803500,2.483803466796875,-0.2111737302184105,-0.14307342293858527,-0.06561974251046776
1783169467607752700,2.493752685546875,-0.2794593309372663,-0.13340513862222433,-0.10252075553685426
1783169467617702000,2.503701904296875,-0.27067104432582856,-0.15349077205657957,-0.12200360077247023
1783169467627649800,2.51364990234375,-0.27952421286702156,-0.15502075810283422,-0.12800885080294683
1783169467637629700,2.523629638671875,-0.34413433994352816,-0.1426671802252531,-0.12037819152772426
1783169467647577900,2.533577880859375,-0.4152233076453209,-0.12828268104195595,-0.11094444661960005
1783169467657526800,2.54352685546875,-0.4025777610838413,-0.13569587990790605,-0.12274082900583744
1783169467667505700,2.553505615234375,-0.3700947106301784,-0.10732610999196768,-0.132905956928432
1783169467677454600,2.56345458984375,-0.3654711424827575,-0.04364975663423538,-0.12543810526579618
1783169467687403800,2.57340380859375,-0.3279372383803129,-0.0012234043151140212,-0.08759382003992795
1783169467697352700,2.583352783203125,-0.2746411170005798,0.01113748008608818,-0.038499972655624146
1783169467707331600,2.59333154296875,-0.21826865691542624,0.04404840056300163,-0.01601210038512945
1783169467717279700,2.60327978515625,-0.17219196539521217,0.11308628095388412,0.002351531562209129
1783169467727228700,2.613228759765625,-0.14230068500041962,0.15104805507957936,-0.002192249347269535
1783169467737177600,2.623177490234375,-0.14116262088119982,0.17652385711967944,-0.049838528271764514
1783169467747156700,2.63315673828125,-0.06938216378390788,0.22826690383851528,-0.08527575235590339
1783169467757105700,2.643105712890625,0.03239829477965832,0.30137773275673385,-0.11385755758732556
1783169467767054800,2.653054931640625,0.09638473699986934,0.34502924295663834,-0.12614625353515146
1783169467777033700,2.66303369140625,0.17290917375385761,0.3053764470040798,-0.11340396860092877
1783169467786982700,2.672982666015625,0.2068114433556795,0.25625731904804705,-0.09363003146424889
1783169467796930800,2.682930908203125,0.20317221007049083,0.24360475822389124,-0.07451645793244242
1783169467806879700,2.692879638671875,0.2631260357737541,0.2561637955456972,-0.05978431435525417
1783169467816859000,2.70285888671875,0.2774865695595741,0.2612228325009346,-0.05136354588195681
1783169467826807800,2.712807861328125,0.24887773019075393,0.2582844409614801,-0.05701835677325725
1783169467836756700,2.7227568359375,0.2505827805429697,0.24663550422191619,-0.05757748849336058
1783169467846705700,2.73270556640625,0.29190321744680403,0.23129998792409895,-0.081708707524091
1783169467856684800,2.742684814453125,0.24788638106584548,0.22615210364162922,-0.08792747244108468
1783169467866633700,2.7526337890625,0.20068857656121253,0.21398586502969263,-0.09737520934194326
1783169467876581600,2.76258154296875,0.22269465666413304,0.19232231475412845,-0.11434899436607956
1783169467886560800,2.772560791015625,0.2631815653532743,0.18330255747437477,-0.11315087062269448
1783169467896509700,2.782509765625,0.2688531812489033,0.15792846224308013,-0.09441709018871187
1783169467906458600,2.792458740234375,0.28100071516036984,0.12977671899199486,-0.06273688055053353
1783169467916407800,2.80240771484375,0.3059925330758095,0.12099778473079204,-0.04140376780573279
1783169467926386700,2.81238671875,0.24822832637131212,0.11482172644436359,-0.01036167340800166
1783169467936336000,2.8223359375,0.12550152589082716,0.09936579863727092,-0.008568944772332906
1783169467946283800,2.83228369140625,0.051473582127690314,0.0993669676810503,-0.037202078332193196
1783169467956232700,2.842232666015625,0.04282616529166698,0.1309907709568739,-0.05417056612670421
1783169467966211800,2.8522119140625,0.03920797479450702,0.16531389631927013,-0.058401189433783286
1783169467976160800,2.862160888671875,0.030682138511538504,0.13469488617181777,-0.0490438707627356
1783169467986109700,2.872109619140625,0.026495792737603188,0.09734159933328627,-0.045487785716354846
1783169467996088800,2.8820888671875,0.03408464043140411,0.09268529796004295,-0.04750789336711168
1783169468006037800,2.892037841796875,0.0352051688939333,0.11749591408967971,-0.054639352682232856
1783169468015986700,2.901986572265625,0.0724661012738943,0.15558686755299567,-0.07589315311312675
1783169468025934600,2.9119345703125,0.12664485070705414,0.18901041372716426,-0.10536050900742411
1783169468035914800,2.921914794921875,0.20628829626441,0.18156418937444685,-0.11855948820058256
1783169468045862700,2.931862548828125,0.3028717707067728,0.1434948632210493,-0.09658877167198807
1783169468055811600,2.9418115234375,0.3810270235329866,0.11330372309684753,-0.03013604893609881
1783169468065760500,2.951760498046875,0.4022475062161684,0.10975976687967777,0.028142537031322717
1783169468075739600,2.96173974609375,0.3788023332208395,0.07768880435824393,0.07844853668436408
1783169468085688600,2.9716884765625,0.3616214813172817,0.04333703742325306,0.09573241057097912
1783169468095636500,2.981636474609375,0.32359482526183125,0.04172375700771808,0.10767638473436236
1783169468105617000,2.991616943359375,0.2552811674922705,0.057466100540757174,0.10158270750176161
1783169468115564800,3.001564697265625,0.17402093438804148,0.03966740899980068,0.0863775761179626
1783169468125513700,3.011513671875,0.10191957477331161,0.018805238234996795,0.06973842987567186
1783169468135462700,3.021462646484375,0.08305296173989772,0.010560556980967521,0.07600081473868339
1783169468145441800,3.03144189453125,0.04938625445961952,0.0085310969799757,0.05127802302297205
1783169468155418000,3.041418212890625,-0.05659925457835197,-0.024129648128151892,-0.007578655093349516
1783169468165367000,3.051366943359375,-0.21248539733886718,-0.07996668616235256,-0.0040068975538015365
1783169468175315200,3.061315185546875,-0.2444949850618839,-0.12621347355246543,0.016490385421365498
1783169468185295000,3.071295166015625,-0.19726853898465632,-0.09398410559892655,0.03847016203925013
1783169468195243000,3.081242919921875,-0.1779459988772869,-0.07197568740844726,-0.007315875971317291
1783169468205192200,3.091192138671875,-0.1297258655875921,-0.10160919364988803,-0.0729906000720337
1783169468215171000,3.101171142578125,-0.11699205622076987,-0.11743220120370387,-0.05530439246222377
1783169468225120000,3.1111201171875,-0.2233639342278242,-0.1272989307016134,-0.023421244130469858
1783169468235069000,3.12106884765625,-0.29512334853708744,-0.13429390415549278,0.009110065911710262
1783169468245017000,3.13101708984375,-0.27873510831594467,-0.0969265887916088,0.04430938958674669
1783169468254997000,3.1409970703125,-0.22085165914595126,0.008144728010892867,0.02894464719444513
1783169468264945200,3.150945068359375,-0.1556909124493599,0.11695347777605056,-0.048440059650689364
1783169468274894300,3.160894287109375,-0.1510533157765865,0.10367430948615074,-0.04261281480193138
1783169468284843300,3.17084326171875,-0.16852350601553917,0.007380173379182815,0.02696136442273855
1783169468294822100,3.180822265625,-0.10575170028209685,-0.024664485657215116,0.15718334296420217
1783169468304771000,3.19077099609375,-0.043027825343608855,-0.02775309932231903,0.272800895961374
1783169468314720300,3.20072021484375,0.01867956602871418,0.006850012025237083,0.2937127510868013
1783169468324699100,3.21069921875,0.06963701532781123,0.11634265240132809,0.22598854711037128
1783169468334648000,3.22064794921875,0.05578033941090107,0.18295125981867313,0.09200911573152988
1783169468344596200,3.23059619140625,0.027276713982224463,0.1690530828475952,0.010655541788041591
1783169468354545200,3.240545166015625,-0.014877251136302947,0.15053835199177265,0.0023327903291210533
1783169468364524000,3.25052392578125,-0.03674596859514713,0.147163907122612,0.016255846013128756
1783169468374473200,3.26047314453125,0.045860418421030044,0.15896481955349445,0.0017724165000021456
1783169468384422100,3.270422119140625,0.10388181475698947,0.22971768716871738,-0.025066965510882437
1783169468394370000,3.2803701171875,0.0837380213946104,0.25535014107525345,-0.0529870554305613
1783169468404350000,3.290349853515625,0.13707622835040092,0.18777765706181526,-0.015127134244143962
1783169468414298000,3.300298095703125,0.23622400032281873,0.11370528963506221,0.039382162317633626
1783169468424247000,3.3102470703125,0.21679566175341605,0.0862824451804161,0.03130260849744081
1783169468434226000,3.320225830078125,0.24654665689468383,0.07525660877525805,0.030801380977034568
1783169468444175000,3.330175048828125,0.312709274110198,0.08563304136097431,0.02123213658835739
1783169468454124300,3.340124267578125,0.3749661160588264,0.11383856062591076,-0.02929433741495013
1783169468464073200,3.3500732421875,0.366854121273756,0.15778700794577596,-0.03232844441384077
1783169468474052000,3.360052001953125,0.3058434799939394,0.12078092710971831,-0.01894205288980156
1783169468484001300,3.370001220703125,0.28111878858208655,0.07527414443194866,0.015575754794478416
1783169468493949200,3.37994921875,0.22221710228025912,0.06884440364539623,0.006406761769764125
1783169468503898000,3.389898193359375,0.15917700099945067,0.08222586326599121,-0.002821048770099878
1783169468513877200,3.399877197265625,0.16092413692772387,0.10901450147032737,0.00042991584986448283
1783169468523826200,3.409826171875,0.1548667365849018,0.12684125006198882,-0.006986059495061636
1783169468533775000,3.419775146484375,0.17161036611497402,0.1459574539422989,-0.015370587611198425
1783169468543754000,3.42975390625,0.16118308012485502,0.12247954772114752,-0.012175590962171554
1783169468553703200,3.439703125,0.14787936191558837,0.06971592578291892,-0.008559190563298761
1783169468563651000,3.449651123046875,0.18342004637420176,0.028342297387123107,0.0007519874110817909
1783169468573600000,3.45960009765625,0.1464654034644365,0.002234627184271812,-0.01060308094844222
1783169468583579100,3.4695791015625,0.11304068824648857,-0.01601005455851555,-0.04692044886797666
1783169468593528000,3.479528076171875,0.09890694895386695,-0.03108662765920162,-0.05356909310221672
1783169468603477200,3.489477294921875,0.07530863122344017,-0.03248012784421444,-0.0767690591648221
1783169468613426200,3.49942626953125,0.08398410511016845,-0.026751228803396223,-0.09507555409744381
1783169468623405300,3.5094052734375,0.0321679931551218,-0.030764556097984314,-0.09944313818980008
1783169468633354200,3.519354248046875,-0.003933832317590713,-0.036436171993613244,-0.08736424906775354
1783169468643302100,3.52930224609375,0.021433833172917364,-0.027570143970847127,-0.07175678396075963
1783169468653282000,3.539281982421875,-0.02209726551771164,0.0038742110848426817,-0.053210196661949156
1783169468663230200,3.549230224609375,-0.07088555408418178,0.026470658296346664,-0.05827376366183162
1783169468673179100,3.55917919921875,-0.09150923991799353,0.03877250598669052,-0.0867921482682228
1783169468683128000,3.569128173828125,-0.0882996302217245,0.06873626709580422,-0.09660963179692625
1783169468693107200,3.579107177734375,-0.07553717928230762,0.09322072001099586,-0.09962678766101599
1783169468703056100,3.58905615234375,-0.08088906170427798,0.09248071529865265,-0.10385876267496495
1783169468713005000,3.599005126953125,-0.06315466757118701,0.0856897399842739,-0.09633885203152895
1783169468722953000,3.608952880859375,-0.0043324762463569635,0.07985504248142242,-0.05892024487182498
1783169468732932000,3.61893212890625,0.01602817473709583,0.09521277061104774,-0.024156390004605052
1783169468742881000,3.628881103515625,0.05072305602133274,0.11105039121210575,-0.031126959669589994
1783169468752830000,3.638829833984375,0.09141220928430557,0.127090840908885,-0.04595923915300518
1783169468762809000,3.64880908203125,0.14731938994526864,0.14427695350944994,-0.027289427333325147
1783169468772758000,3.658758056640625,0.13578560401797293,0.15485621519088744,-0.020365911680459974
1783169468782707200,3.668707275390625,0.12836392958462237,0.15030746584534643,-0.03154229900483042
1783169468792655000,3.678655029296875,0.23328210165202617,0.1532458573848009,-0.04802201690170914
1783169468802635300,3.68863525390625,0.28877485629320143,0.1481564252912998,-0.021546499767154455
1783169468812583200,3.698583251953125,0.2827671403110027,0.12857786459624768,0.003557400220632553
1783169468822532000,3.708531982421875,0.30800562646389007,0.08912731321752071,0.005305412931740284
1783169468832481000,3.71848095703125,0.3049403936743736,0.07782733604609966,0.002603862355463207
1783169468842460200,3.728460205078125,0.30581776103079317,0.08932546613812446,0.020096556687168775
1783169468852409000,3.7384091796875,0.32520050689280033,0.07941314393281936,0.04949848266243934
1783169468862358000,3.74835791015625,0.3269920664846897,0.07579144630432129,0.059453328835219144
1783169468872337200,3.758337158203125,0.21690029117166995,0.06776712980270386,0.047121926256828005
1783169468882286000,3.7682861328125,0.14795768784880636,0.062127078089118,0.029973697981238362
1783169468892234000,3.77823388671875,0.13128069381415844,0.08194061658382415,0.03546396596059203
1783169468902183200,3.78818310546875,0.06360767203569412,0.11502806267142295,0.04111979976519942
1783169468912162000,3.798162109375,0.025227964758872984,0.12476911996304989,0.055575574086420235
1783169468922111000,3.808111083984375,-0.011108253991603851,0.11366495762467384,0.05675298383533954
1783169468932060200,3.81806005859375,-0.0732417618215084,0.09605915830731392,0.053324032299965615
1783169468942008000,3.828008056640625,-0.10657470710277557,0.0739998867124319,0.039591713415086265
1783169468951988200,3.83798828125,-0.08651391584873198,0.043186230775713916,0.042950814584642644
1783169468961936100,3.84793603515625,-0.09118658383488655,0.029706571477651593,0.05296835073009133
1783169468971885300,3.85788525390625,-0.11148586001992225,0.00196633163690567,0.028467531201988458
1783169468981864200,3.8678642578125,-0.11865735908448695,-0.023917466682195663,0.017749883963167665
1783169468991813000,3.877813232421875,-0.14942892944514752,-0.0325035087198019,0.0297758190552704
1783169469001762000,3.887761962890625,-0.13612404219210147,-0.061462476700544354,0.007834493017941712
1783169469011711200,3.897711181640625,-0.10679916350841522,-0.07752806083858013,-0.037643648087233306
1783169469021690000,3.907690185546875,-0.10025602547526359,-0.06999649628996849,-0.07176131400540471
1783169469031639000,3.91763916015625,-0.09854980607926846,-0.06915303120315075,-0.0727243320849724
1783169469041587200,3.927587158203125,-0.07313654788136482,-0.06982581589818,-0.06934460825249553
1783169469051536100,3.9375361328125,-0.050838206833601,-0.06115034201145172,-0.07342150230258702
1783169469061515000,3.947514892578125,-0.0013034838140010834,-0.039437107375264166,-0.07643427425250411
1783169469071464000,3.9574638671875,0.04920037649869918,-0.014174071303009987,-0.09027589873075485
1783169469081413000,3.9674130859375,0.07673018845915794,0.016462474501132963,-0.058242491740733385
1783169469091392000,3.97739208984375,0.047941316348314285,0.02658756267428398,-0.02084142023772001
1783169469101341000,3.9873408203125,0.03312544001042843,0.03013151889145374,-0.019752602087706326
1783169469111289000,3.9972890625,0.025559388670325277,0.048777182650566096,-0.050883215019106864
1783169469121238300,4.00723828125,0.05299859973788261,0.08589198455810547,-0.06850479642748833
1783169469131217200,4.017217041015625,0.07275193247795105,0.12392682392001152,-0.061239627730101345
1783169469141166300,4.027166259765625,0.1070347258299589,0.11628244664669037,-0.05243132124394178
1783169469151138000,4.037137939453125,0.11759762089848518,0.09717091894149779,-0.04972454650327563
1783169469161087000,4.0470869140625,0.13191431554257868,0.08672434372901916,-0.040754327453672884
1783169469171066000,4.057066162109375,0.1616156263232231,0.0704056616127491,-0.0340514688141644
1783169469181015000,4.06701513671875,0.1337491297543049,0.053881227791309355,-0.02884673977792263
1783169469190963000,4.076962890625,0.13278700672388077,0.057200727602839466,-0.033421061956137414
1783169469200943000,4.086943115234375,0.10608604680299759,0.08459609952867031,-0.04423354787155986
1783169469210891000,4.09689111328125,0.06074409929811954,0.11354805324673652,-0.02524520815461874
1783169469220840000,4.10683984375,0.04179623772203922,0.11458382603526114,0.02231865318343043
1783169469230788900,4.116788818359375,0.015852818170189856,0.12458207295835018,0.02849909538403153
1783169469240768000,4.12676806640625,0.03565758883655071,0.14637655613720416,0.03305672215577215
1783169469250717000,4.136717041015625,0.045835868501663206,0.14046996244192123,0.02161620400249958
1783169469260664800,4.146664794921875,0.06939210065603256,0.1419084708124399,0.027074615538865327
1783169469270614000,4.156614013671875,0.08207856374979018,0.13781214140951634,0.011483955436199903
1783169469280593000,4.166593017578125,0.06236497849822044,0.10797522155046463,-0.057137453108280896
1783169469290541800,4.176541748046875,0.0969137293100357,0.06401800640225411,-0.17188348396793007
1783169469300490800,4.18649072265625,0.1081155068039894,0.030786767929792402,-0.26592034266740083
1783169469310470000,4.196469970703125,0.09501169508099555,0.03588262976408005,-0.26507249366641045
1783169469320419000,4.206419189453125,0.09964286201298236,0.06303951675891876,-0.1801828362849541
1783169469330368000,4.216367919921875,0.1298620591878891,0.062134676873683924,-0.14971622195392847
1783169469340316200,4.226316162109375,0.15406769516170024,0.06651859104633331,-0.17178586881235242
1783169469350296000,4.236296142578125,0.17056231836676597,0.07646656908690928,-0.17809695165529846
1783169469360244000,4.246243896484375,0.1645785677820444,0.09784954885542392,-0.13744170066192746
1783169469370193000,4.25619287109375,0.1436298877775669,0.13403788356781005,-0.06201791862621903
1783169469380142000,4.26614208984375,0.16865911509394646,0.16041560288369655,-0.010714724629372358
1783169469390121000,4.276120849609375,0.17790157521367073,0.16690788751244545,0.03259177152514457
1783169469400070000,4.28606982421875,0.13571896852254867,0.1491635565072298,0.062331660750508305
1783169469410018000,4.29601806640625,0.13765958119630814,0.14579671042263506,0.09957987977936864
1783169469419998000,4.305998046875,0.1598117917716503,0.15814648890793323,0.12979922308474778
1783169469429945900,4.31594580078125,0.13725918370187282,0.17681436449885368,0.12054711835384369
1783169469439895000,4.32589501953125,0.08057400440573692,0.15472645133137702,0.09738134682178497
1783169469449844000,4.335843994140625,0.036921909683942794,0.1269505556553602,0.08567512693703173
1783169469459822800,4.34582275390625,-0.01411503459215164,0.11199556310772896,0.07410816939249634
1783169469469771800,4.355771728515625,-0.03447627009749412,0.10154431172013283,0.03789806123971939
1783169469479721000,4.365720947265625,0.013294950380921364,0.07474632116556167,0.02507847328558564
1783169469489668900,4.3756689453125,0.023937340426445006,0.04822071781158447,0.052231414757668966
1783169469499649000,4.38564892578125,0.02935819643139839,0.021409867775440215,0.09454539274349807
1783169469509597200,4.39559716796875,0.07344459091722964,0.003370353215932846,0.10487769392654299
1783169469519546000,4.405546142578125,0.050773324903845785,0.008597147953510284,0.10517901496067643
1783169469529525000,4.41552490234375,-0.005792611926794052,0.013665537258982658,0.09226955676600336
1783169469539474000,4.425473876953125,-0.055147886726260184,0.013328268128633499,0.07940846775770187
1783169469549423000,4.435423095703125,-0.038781858336925504,0.035278234130144116,0.0644176732443273
1783169469559372000,4.4453720703125,-0.07474982829689979,0.06699965256154537,0.047463323573023075
1783169469569351000,4.455350830078125,-0.10396540138721465,0.052446811074018475,0.027810382467508315
1783169469579299000,4.465299072265625,-0.05587561647891998,-0.01580430285334587,0.000732113666832447
1783169469589248000,4.475248046875,0.006099485918879509,-0.037382512933015824,-0.03352191024841741
1783169469599197000,4.485197021484375,0.0393920991897583,-0.010949848559498786,-0.04142711214870214
1783169469609175800,4.49517578125,0.030921207964420317,-0.015404489880800246,-0.05844459018409252
1783169469619125000,4.505125,-0.025264205116033552,-0.030167174726724623,-0.12171426243707537
1783169469629074000,4.515073974609375,-0.045836453023552895,-0.012756021198630332,-0.1757813864556141
1783169469639052800,4.525052734375,0.029533552998304364,0.033875966116786,-0.17736293829232452
1783169469649002000,4.535001953125,0.06835223621428012,0.08524608787000179,-0.12580927666574715
1783169469658950000,4.544949951171875,0.045540100425481796,0.10664660329520702,-0.10559928619936108
1783169469668899000,4.554899169921875,0.03739069623947144,0.07412555891871452,-0.06637158379107713
1783169469678878000,4.5648779296875,0.10354220753908157,0.061193596631288524,-0.02516381348147988
1783169469688827100,4.5748271484375,0.13546353245675563,0.10273790541887283,0.010237024115025996
1783169469698776000,4.584776123046875,0.14310615616440772,0.1163806463241577,0.0418318935573101
1783169469708725000,4.59472509765625,0.15563012217283248,0.10867664781808853,0.019636574492603538
1783169469718703900,4.604703857421875,0.17018530174791813,0.1043166990429163,0.007590144601743668
1783169469728653000,4.614653076171875,0.18895605319142342,0.10306406863331793,0.00012976385951042174
1783169469738601000,4.62460107421875,0.1857493661046028,0.09658172087669371,-0.005360942511260509
1783169469748580000,4.634580078125,0.13909750504493712,0.09751637137830257,-0.02698635273352265
1783169469758529000,4.644529052734375,0.07998948251605033,0.09769406603276728,-0.026235388235747812
1783169469768478000,4.65447802734375,0.06912731224000454,0.0769061295479536,-0.0000168050043284893
1783169469778427000,4.664427001953125,0.03646715165376663,0.07683306431174278,0.023781565342843532
1783169469788406000,4.674406005859375,-0.022029460978507994,0.07288228085935115,0.029780221235752104
1783169469798355000,4.68435498046875,-0.043566754525899885,0.06543605650663376,0.025683307310938833
1783169469808302800,4.694302734375,-0.024424831682443617,0.07778115881681442,0.041664281905442475
1783169469818251800,4.704251708984375,-0.011734276935458183,0.09745821145027875,0.055297195536457
1783169469828231000,4.71423095703125,-0.025009353572130202,0.09814590145349501,0.034391368293017144
1783169469838180000,4.72418017578125,-0.040915363234281535,0.08344634497165679,0.03650602235943079
1783169469848129000,4.73412890625,-0.022474866658449173,0.03891045315265655,0.05480243428945541
1783169469858108200,4.744108154296875,-0.01312602355480194,0.02575403445959091,0.06992591527178883
1783169469868057000,4.75405712890625,-0.025678046613931655,0.036545477586984634,0.01575096523091197
1783169469878006000,4.764006103515625,0.01004383963048458,0.04892448216676712,-0.030413879496790468
1783169469887954000,4.773953857421875,0.03900689926445484,0.07711889551579952,-0.043790772540122265
1783169469897934000,4.78393408203125,0.01997662010192871,0.10085048423707485,-0.036265053210407495
1783169469907882000,4.793882080078125,0.0066810851991176605,0.10309387924969196,-0.03480067974627018
1783169469917831000,4.803830810546875,-0.006501636978983879,0.10658055232167243,-0.05752382207736373
1783169469927779800,4.81377978515625,0.01220364801287651,0.11592296568453311,-0.04392521257475018
1783169469937759000,4.823759033203125,0.00516132828593254,0.11588146463036536,-0.0077162734657526015
1783169469947708000,4.8337080078125,-0.022303017222881315,0.09486556460857391,0.00779606070369482
1783169469957655800,4.84365576171875,0.028165771776437757,0.10570961470603943,-0.0026433541156351565
1783169469967636000,4.853635986328125,0.0450257211625576,0.1381400581896305,-0.005446282707154751
1783169469977583900,4.863583984375,0.06880991685390472,0.1568845061480999,-0.01194090542346239
1783169469987532800,4.87353271484375,0.11413140609264373,0.13423311387896536,-0.031602760487794875
1783169469997482000,4.88348193359375,0.1186029985487461,0.10288345136940479,-0.05603139156252145
1783169470007461000,4.893461181640625,0.11442425155937672,0.07000526411831379,-0.062208180501312015
1783169470017410000,4.90341015625,0.14317162261605262,0.06369184318780899,-0.0515578994102776
1783169470027359000,4.91335888671875,0.1588748031824827,0.040725393620133395,-0.03203311472907662
1783169470037307100,4.92330712890625,0.13834697893857956,0.02848375168442726,-0.03163300949558615
1783169470047287000,4.933287109375,0.10340835202634334,0.050093525946140284,-0.03642214346826076
1783169470057235000,4.94323486328125,0.059313189712166786,0.05781155297756195,-0.045421296351403
1783169470067183900,4.953183837890625,0.03394260161221027,0.06844283710718155,-0.03742679046615958
1783169470077163000,4.9631630859375,0.0035948096215724945,0.09705050743222236,-0.018406009784340857
1783169470087112000,4.97311181640625,-0.012981062126159668,0.1260141515880823,0.011997311785817146
1783169470097060900,4.983060791015625,-0.020074819779396055,0.1368067637592554,0.011033435189723969
1783169470107009000,4.993009033203125,-0.03136895173192024,0.1567056424498558,-0.0016119652412831783
1783169470116989000,5.002989013671875,-0.02632745043337345,0.16102642825841904,-0.0185980252251029
1783169470126936800,5.012936767578125,0.04552022668123245,0.15183014536798,-0.030654519852250813
1783169470136885800,5.0228857421875,0.0897679492086172,0.12982932596206664,-0.026003186915069816
1783169470146835000,5.0328349609375,0.12816636118590832,0.09370295056998729,-0.009732033734954893
1783169470156839000,5.0428388671875,0.15307751508057116,0.06613631373047828,0.011357844838500022
1783169470166787800,5.052787841796875,0.15572598376274108,0.03804360719025135,0.01901698128953576
1783169470176737000,5.062737060546875,0.19297581022679805,0.03148293350040912,0.0036402561984956263
1783169470186716000,5.0727158203125,0.17728607366383076,0.02696399477124214,-0.032310324235260486
1783169470196665000,5.0826650390625,0.18252338979542254,0.030460604715347287,-0.05477569241300225
1783169470206613000,5.092613037109375,0.19595278021097182,0.04822247137725353,-0.06619096652716398
1783169470216562000,5.10256201171875,0.14747487276792526,0.060353054153919214,-0.08483312315493821
1783169470226541000,5.112541015625,0.09565934533476829,0.04053425496220588,-0.10275295685753226
1783169470236490000,5.122489990234375,0.09070844492912292,0.03488718898594379,-0.12330007032379507
1783169470246439000,5.13243896484375,0.09805354699492454,0.07634791114330292,-0.13905585786029695
1783169470256387000,5.142386962890625,0.0635515579342842,0.10241524933576583,-0.13142945463508368
1783169470266367000,5.152366943359375,0.05194821390211582,0.0977285528242588,-0.12837781197950243
1783169470276315000,5.16231494140625,0.02311024195253849,0.07564648487567902,-0.10564487890675664
1783169470286264000,5.17226416015625,-0.013915712627768516,0.04792553425729274,-0.08735595616344362
1783169470296243000,5.182242919921875,0.03842822259366512,0.045052024647593496,-0.09367288422528654
1783169470306192000,5.19219189453125,0.056896191698312754,0.07330021401047707,-0.08492591600492597
1783169470316140800,5.202140869140625,0.016070844835042952,0.06206804137825966,-0.07063084867075085
1783169470326090000,5.212090087890625,0.040110476592183114,0.03674421502947807,-0.04054579926952719
1783169470336068900,5.22206884765625,0.05772504373788833,0.04463233793079853,-0.0007065773667767644
1783169470346017800,5.232017822265625,0.020533669462800025,0.09554828617572785,0.008534750241786241
1783169470355966000,5.241966064453125,0.010839958444237708,0.10217091918587684,-0.005942103400081396
1783169470365915100,5.2519150390625,0.037142274436354636,0.09705401456356048,0.019931611916422842
1783169470375894000,5.26189404296875,0.054037879657745355,0.09691256026625633,0.06859042888432741
1783169470385843000,5.271843017578125,0.08469663729369639,0.11196750605702399,0.09708835522457956
1783169470395792100,5.281792236328125,0.06920505365133285,0.10455810658335685,0.10657675292938946
1783169470405771000,5.29177099609375,0.01870002429485321,0.07033727255165577,0.09435392529200762
1783169470415720000,5.301719970703125,0.04786123684942722,0.06983516824841499,0.07585862978901714
1783169470425668000,5.311668212890625,0.054148938816785806,0.08941022181212901,0.06267652866542339
1783169470435617000,5.321616943359375,-0.010372340932488441,0.07110533431470394,0.028802425712160764
1783169470445596000,5.331595947265625,-0.010128010782599449,0.035789106261730194,0.020663542920164764
1783169470455544800,5.341544921875,0.007015431720018387,0.0305646496117115,0.03784472361728549
1783169470465494000,5.351493896484375,0.027073884886503218,0.043829789376258844,0.047291328006982804
1783169470475443000,5.36144287109375,0.04361526984274387,0.04622282199263572,0.05276610615625977
1783169470485421800,5.371421875,-0.009057166680693627,0.03559387595057487,0.06463451259909198
1783169470495370800,5.381370849609375,-0.05438216305077076,0.026845336827635763,0.08587634859755634
1783169470505319000,5.39131884765625,0.012537410011887549,0.03868015152812004,0.10897884563505648
1783169470515298800,5.401298828125,0.03455225794315338,0.08872808476686476,0.11196896736174822
1783169470525247000,5.4112470703125,0.017584172007441518,0.12180384041666983,0.11159341204762459
1783169470535196200,5.421196044921875,0.030949265015125273,0.1124818853199482,0.11841638993546366
1783169470545145000,5.43114501953125,0.059055415558815,0.12332067472040653,0.14047211786638944
1783169470555124000,5.4411240234375,0.07166296819746494,0.15824585762917995,0.12063128950595856
1783169470565073000,5.451072998046875,0.04787000467777252,0.15715513978302478,0.08527005326747894
1783169470575022000,5.46102197265625,0.019217326167225837,0.12898936800658703,0.06511515398919582
1783169470584970000,5.470969970703125,0.041535540959239,0.1004471641331911,0.02856894574984908
1783169470594949000,5.48094921875,0.050689153751730914,0.11735621335804462,-0.003177022600919008
1783169470604898000,5.49089794921875,0.02798223190307617,0.10809329497218131,-0.030176527076959607
1783169470614847000,5.500846923828125,0.03720131114721298,0.07162146714329719,-0.05512801298201084
1783169470624825900,5.510825927734375,0.05683247881233692,0.06659399437010288,-0.08196297454610467
1783169470634775000,5.520775146484375,0.06461363420784473,0.07552373527884483,-0.12801248579844832
1783169470644724000,5.530723876953125,0.06538987927734852,0.08894318882226944,-0.1312123047530651
1783169470654672000,5.540671875,0.0822474905759096,0.07216974867582321,-0.13611512823328376
1783169470664651800,5.55065185546875,0.08766893110275269,0.05651859055757522,-0.14375965163707732
1783169470674600000,5.560599853515625,0.06703413935303687,0.05550093794763088,-0.16577245374172925
1783169470684548900,5.570548828125,0.07266425419449805,0.0416273108959198,-0.17571254073679446
1783169470694498000,5.580498046875,0.11116028132736683,0.04802899463176727,-0.176050978910923
1783169470704477200,5.590477294921875,0.06976853275299072,0.04700140514969826,-0.163703684643656
1783169470714426000,5.600426025390625,0.03279460062086582,0.034760347735881804,-0.14762933267727493
1783169470724375000,5.610375,0.08886135575771331,0.057791679233312604,-0.12951836031675337
1783169470734354000,5.62035400390625,0.11160744057297706,0.09712532623410225,-0.11255275859907268
1783169470744303000,5.63030322265625,0.09640753335356712,0.10040332499146461,-0.100967680875957
1783169470754251000,5.6402509765625,0.0901776990532875,0.08357377074360847,-0.07982946964874864
1783169470764200000,5.650199951171875,0.10669628765583038,0.07750994065999985,-0.05289776971191167
1783169470774179000,5.660178955078125,0.09820902981758117,0.10651157873868941,-0.054003538996726275
1783169470784128000,5.6701279296875,0.12814005770087242,0.11328852552771568,-0.06898688085600733
1783169470794077000,5.680076904296875,0.1190653553634882,0.10529401964247226,-0.07779080342799424
1783169470804024800,5.69002490234375,0.12352233477234839,0.08719605289399623,-0.06154284846037626
1783169470814005000,5.7000048828125,0.17693769861757755,0.092090254676342,-0.02617489022016525
1783169470823953000,5.709952880859375,0.14842004466354847,0.09565876081287861,-0.02052183289453387
1783169470833901800,5.71990185546875,0.08068038738965988,0.0925607947975397,0.0013989070124924181
1783169470843881000,5.729880859375,0.10701602112948894,0.07550503057837486,0.01518733999878168
1783169470853830000,5.739829833984375,0.12406944726109503,0.0900076031833887,0.008761544734984635
1783169470863779000,5.749779052734375,0.08977554799318313,0.11045359436273575,0.00546221092864871
1783169470873728000,5.75972802734375,0.09834639246165752,0.09200257639288902,-0.0009853577755391597
1783169470883707100,5.76970703125,0.0941863501727581,0.08757306951284408,-0.006391892994195222
1783169470893656000,5.779656005859375,0.060436640784144395,0.096648356372118,-0.004320785808563233
1783169470903604000,5.78960400390625,0.009779635736346244,0.10099544566571712,-0.022626129963714627
1783169470913553000,5.799552978515625,0.032598785787820814,0.08894611143171786,-0.03877659763991832
1783169470923532000,5.809531982421875,0.06256313141882419,0.09613222354352474,-0.04129868172975257
1783169470933481000,5.81948095703125,0.019101590833067894,0.08625497265160083,-0.04255553165674209
1783169470943430000,5.829429931640625,-0.0038040684580802914,0.06989362043738365,-0.05566416568532586
1783169470953409000,5.839408935546875,-0.006147416713833808,0.05300678304433822,-0.06268997266888618
1783169470963358000,5.84935791015625,-0.041430327019095416,0.07016893024742603,-0.07429609318003058
1783169470973305900,5.859305908203125,-0.04851297875642776,0.07973813810348511,-0.10320391549542546
1783169470983254800,5.8692548828125,-0.023065233767032622,0.05267535913288593,-0.09930836936160921
1783169470993234000,5.87923388671875,-0.010049684849381447,0.03434358362853527,-0.0912672478556633
1783169471003182800,5.889182861328125,-0.03449555931985378,0.04174947597086429,-0.07017053768262267
1783169471013131800,5.8991318359375,-0.07496960852742195,0.02595101833641529,-0.06667056673765182
1783169471023081000,5.9090810546875,-0.01647299589514732,0.0047153380841016765,-0.06970204338803887
1783169471033060000,5.91906005859375,0.0837988116711378,0.031444939577579496,-0.07837590983957052
1783169471043009000,5.929009033203125,0.06396130777895451,0.07735738044679165,-0.09310717663392425
1783169471052957200,5.938957275390625,0.08583119428157805,0.08699497736394404,-0.0875877008263953
1783169471062937000,5.94893701171875,0.11569441762566565,0.05885024837553501,-0.07104176755920052
1783169471072885000,5.958885009765625,0.1279746380060911,0.04534077846109867,-0.06995192649587989
1783169471082834000,5.968833984375,0.15778116272687912,0.05917699611186981,-0.06770531661286949
1783169471092782800,5.978782958984375,0.14787877739369867,0.07779577186405658,-0.045430685234256085
1783169471102762000,5.988761962890625,0.1555944663375616,0.0696557200282812,-0.024755415343679487
1783169471112711000,5.9987109375,0.18158289407491682,0.05464753598868847,-0.015033610741794108
1783169471122659000,6.0086591796875,0.1896843674659729,0.061279521349072455,-0.0005867138467729092
1783169471132608000,6.01860791015625,0.20192484035789965,0.038414194068312646,0.024140863641910253
1783169471142587000,6.0285869140625,0.1774450636178255,-0.0008650923967361449,0.05184782226756215
1783169471152557000,6.03855712890625,0.1698509552270174,-0.0011187748968601225,0.05446235214751213
1783169471162506000,6.048506103515625,0.13176292437314988,-0.00709025052189827,0.06625672523975372
1783169471172485000,6.058485107421875,0.08063771729171276,0.00006254384219646453,0.05837547047063708
1783169471182434000,6.06843408203125,0.0669634122043848,0.02000935332775116,0.06962970880419016
1783169471192383000,6.078383056640625,0.022471944049000738,0.05044891525506973,0.08352627834007144
1783169471202331100,6.0883310546875,-0.006339139893651008,0.03292144187092781,0.09580328385010362
1783169471212311000,6.09831103515625,-0.009413725033402442,0.00798690710067749,0.1249808447512798
1783169471222259000,6.108259033203125,0.008278583523631096,-0.020541268247365952,0.13158069967404007
1783169471232208100,6.1182080078125,0.019851532417535782,-0.008678981018066407,0.14459581020027398
1783169471242187000,6.12818701171875,0.009884849676489829,0.0052174423873424525,0.14587021405026315
1783169471252136000,6.138135986328125,-0.005548866298794746,0.03711947808265686,0.13413856746330857
1783169471262085000,6.148085205078125,-0.04448503841459751,0.039622985336184496,0.12407162095187231
1783169471272033000,6.158032958984375,-0.07203881577253342,0.0415314493060112,0.09701265963986515
1783169471282013200,6.16801318359375,-0.053690089133381844,0.07298281862437725,0.09429887063652276
1783169471291961000,6.177961181640625,-0.07568097166717053,0.1078279220342636,0.09915142523422836
1783169471301910300,6.18791015625,-0.10372925454378128,0.09257540784478187,0.09740487382784485
1783169471311859200,6.197859130859375,-0.05718494551181793,0.09503215334713458,0.07546645213365555
1783169471321838000,6.207838134765625,0.0063280339777469635,0.14335048631429673,0.04526961292102933
1783169471331787000,6.217787109375,0.010672785183787345,0.17141338223814964,0.02887402964364737
1783169471341736200,6.227736083984375,0.038109073641896245,0.15189268921017646,0.03191898683011531
1783169471351715000,6.237715087890625,0.10801146190762519,0.11115092897713184,-0.0003039513826370239
1783169471361664000,6.2476640625,0.1455471195757389,0.1162064588010311,-0.014488836340606211
1783169471371612200,6.257612060546875,0.17589023539125917,0.13479483941495418,-0.012233787422813475
1783169471381561000,6.26756103515625,0.18797347189486024,0.11738134779930114,-0.0071776365444064134
1783169471391540000,6.2775400390625,0.19789631549417971,0.08747779244482516,-0.013522512059099972
1783169471401489000,6.287489013671875,0.221167300966382,0.06424947707057,-0.02920581888128072
1783169471411438000,6.29743798828125,0.20575228969156742,0.0810538968771696,-0.03675345778185874
1783169471421386000,6.307385986328125,0.20575112064778803,0.08067220408320426,-0.06914031785205006
1783169471431366000,6.317365966796875,0.19966215612292287,0.06218845288753509,-0.08712576413676142
1783169471441314000,6.32731396484375,0.1548351724028587,0.050934068423509594,-0.10086275919675826
1783169471451263200,6.33726318359375,0.16126491318941116,0.036975685697793956,-0.10334960757642984
1783169471461242000,6.3472421875,0.13878361679017542,0.06680091511905192,-0.10805953883305192
1783169471471191000,6.35719091796875,0.08601473415493964,0.07385784789323806,-0.08895560991242528
1783169471481140200,6.36714013671875,0.02723053675293922,0.05794365492463111,-0.08501052554845809
1783169471491089200,6.377089111328125,-0.028200843089818954,0.04886602997779846,-0.10157572977170348
1783169471501068000,6.387068115234375,-0.030654665982723234,0.06062134970128536,-0.13279782037883997
1783169471511017000,6.397016845703125,-0.01621522174179554,0.06839958248734473,-0.1402773624792695
1783169471520965000,6.406965087890625,0.02172200246453285,0.060283496049046516,-0.1170273101972416
1783169471530914000,6.4169140625,0.04187456365525722,0.04206511779129505,-0.06354092694241553
1783169471540893200,6.42689306640625,0.0440934087485075,0.007478373056650161,-0.02116221315730363
1783169471550842000,6.436842041015625,0.016840075641870497,-0.011968670213222503,-0.02190656525120139
1783169471560791000,6.446791015625,-0.03510287756323814,-0.006120528706908226,-0.029722645829617974
1783169471570770000,6.45677001953125,-0.04296002080440521,0.0029559271961450573,-0.04034793860986829
1783169471580719000,6.466718994140625,-0.015406243446469306,0.013156418693065643,-0.08042438506828621
1783169471590668000,6.47666796875,-0.015370587611198425,0.036626726129651066,-0.09520882508829236
1783169471600616000,6.486615966796875,-0.01680032815337181,0.04798632453382015,-0.08033407643632963
1783169471610595000,6.496594970703125,0.02110591639280319,0.040889644271135325,-0.048160804317891596
1783169471620544300,6.506544189453125,0.058114919838309284,0.04185585895478725,-0.021000556322187183
1783169471630493200,6.5164931640625,0.0897509980738163,0.03520692245960235,0.00276084301546216
1783169471640442000,6.526442138671875,0.10117021771073341,0.03545183713138103,0.013373111917357891
1783169471650421200,6.536421142578125,0.06485270366072654,0.025913608935475348,0.019487229149788617
1783169471660370200,6.5463701171875,0.1000678094267845,0.01695113480091095,0.014795710332691668
1783169471670318000,6.556318115234375,0.15951485465168952,0.041571196794509886,0.03294131561517715
1783169471680298000,6.566298095703125,0.14543079971969128,0.06440729798078537,0.04830781157314777
1783169471690246100,6.57624609375,0.09532616785764694,0.034948563784360884,0.050727293805032964
1783169471700195000,6.586195068359375,0.08773381303250789,0.00888181011378765,0.05785727354912087
1783169471710144000,6.59614404296875,0.07203413959741592,0.026941198417544363,0.06469546727240086
1783169471720123100,6.606123046875,0.04351882373094559,0.07025602400898932,0.05845788805708289
1783169471730072000,6.616072021484375,0.025102877074480057,0.08461714231669902,0.021597937693446874
1783169471740021000,6.62602099609375,0.04425532131195068,0.08999415917992591,-0.006988397582620382
1783169471749969000,6.635968994140625,0.061226329857110975,0.10518062239587306,0.009192045106738805
1783169471759949000,6.645948974609375,0.05840367365181446,0.09523848957419395,0.025852635995857416
1783169471769897000,6.65589697265625,0.09513678276538848,0.06489712732434272,0.040591830368340014
1783169471779846100,6.66584619140625,0.09252455444037913,0.08288286586999892,0.05050283739939332
1783169471789825000,6.675824951171875,0.06239478911459446,0.10734510695338248,0.05724675870165229
1783169471799774200,6.685774169921875,0.060084758606553074,0.11481529670357704,0.0335175080679357
1783169471809723100,6.69572314453125,0.06202303319275379,0.12724983086287975,0.020108575918525457
1783169471819671000,6.705671142578125,0.04828559974133968,0.1595943496286869,0.02952054738625884
1783169471829651200,6.715651123046875,0.04878945761024952,0.16104630200266837,0.02737491365969181
1783169471839599000,6.72559912109375,0.06002046119868755,0.14986732086241245,0.01990896169319749
1783169471849548000,6.735548095703125,0.04687573294341564,0.12647358579337595,-0.02233491019848734
1783169471859497000,6.7454970703125,0.08977204086184501,0.0852063403815031,-0.042998306988179684
1783169471869476000,6.75547607421875,0.14452537531256676,0.09091536567807197,-0.05236483187898993
1783169471879425000,6.765425048828125,0.1942243489831686,0.10183365005552768,-0.05601506148222834
1783169471889374000,6.7753740234375,0.195674547791481,0.07390402512252331,-0.054625652950443325
1783169471899353000,6.78535302734375,0.1558557476222515,0.03742927468419075,-0.05390840805917978
1783169471909302000,6.795302001953125,0.1749351266235113,0.01934475193917751,-0.046345571589469906
1783169471919250000,6.80525,0.17853636598587036,0.026394670450687406,-0.04972337745949626
1783169471929199000,6.81519921875,0.16291209587454794,0.06193944656252861,-0.06652239043861627
1783169471939178000,6.825177978515625,0.13736498216390608,0.07688216415047645,-0.07303089554980396
1783169471949127200,6.835127197265625,0.13226912032961843,0.07427052034735679,-0.030520518209040164
1783169471959076000,6.845076171875,0.1291214699536562,0.09235036691725254,0.0038483094586059447
1783169471969024300,6.855024169921875,0.11709727016091347,0.12554945668578146,-0.000832066909968853
1783169471979004200,6.865004150390625,0.11268822154700756,0.12352993355691433,-0.016939152102172374
1783169471988952000,6.8749521484375,0.10380056621432304,0.084469842800498,-0.035904110943526024
1783169471998901200,6.8849013671875,0.12691840695142745,0.048993455749750135,-0.04705035885795951
1783169472008880000,6.894880126953125,0.16270868225693702,0.04179389963448047,-0.06144815591424703
1783169472018829000,6.9048291015625,0.19650047722160816,0.016949381235241888,-0.06191157217491418
1783169472028778000,6.914778076171875,0.21450842759907243,-0.01599602603316307,-0.05324848284572362
1783169472038727200,6.92472705078125,0.2015472392171621,-0.03249123376011848,-0.04552227250784635
1783169472048706000,6.9347060546875,0.19188333881497383,-0.03179682175517082,-0.058292760623246426
1783169472058655000,6.944655029296875,0.17889993860125541,-0.01668693090677261,-0.05364683451354503
1783169472068603100,6.95460302734375,0.1678507213205099,-0.003147650375962257,-0.036448885344713924
1783169472078552000,6.964552001953125,0.1242366205215454,0.01591594653427601,-0.021288616015948354
1783169472088531000,6.974531005859375,0.06665887629985809,0.03637771980464458,-0.021338556104898453
1783169472098479900,6.98447998046875,0.049638767915964124,0.059604866135120387,-0.0016373919434845446
1783169472108429300,6.99442919921875,0.03611468495428562,0.07753975127637386,0.014212503617256879
1783169472118408000,7.004407958984375,0.02224631859958172,0.09711071318686008,0.026618396203964948
1783169472128357000,7.014357177734375,-0.003929740664362907,0.08593640822172165,0.04441241156980395
1783169472138305300,7.02430517578125,-0.03020867578089237,0.051615036424994466,0.04226093262434005
1783169472148254200,7.034254150390625,-0.01328501350879669,0.04357143070101738,0.03462356961369514
1783169472158253000,7.044253173828125,-0.027620412853360175,0.03488952707350254,0.023934965806268155
1783169472168202000,7.054201904296875,-0.031928923702239986,0.024631752431392668,-0.008175415410101413
1783169472178151000,7.06415087890625,0.02171031202673912,0.012673603612184524,-0.030649697546660897
1783169472188099800,7.074099853515625,0.011365443623065947,0.013573182800412177,-0.03486979945972562
1783169472198079000,7.084078857421875,-0.021321020448207852,0.010750526595115661,-0.06102949211075902
1783169472208028000,7.09402783203125,0.015991349858045577,-0.006674070936441421,-0.07194251579120754
1783169472217975800,7.103975830078125,0.0036240357160568235,0.01647884111404419,-0.07706774985045194
1783169472227956000,7.1139560546875,-0.012754852154850959,0.028965982243418693,-0.09349383786395192
1783169472237904100,7.123904052734375,0.019918167912960052,0.0461105937898159,-0.11616057383269071
1783169472247853000,7.13385302734375,0.07289864747226238,0.07341770291030407,-0.12358973745275288
1783169472257802000,7.143802001953125,0.12193477331995964,0.10658522849678993,-0.1033925699353218
1783169472267781000,7.153781005859375,0.13828618866205214,0.07318798580765724,-0.06327171807959675
1783169472277730000,7.16372998046875,0.13842998104691503,0.02942717001438141,-0.02974704961851239
1783169472287678000,7.173677978515625,0.12820552415251732,0.025353052443265914,-0.026067045931518075
1783169472297627000,7.183626953125,0.10464227773547172,0.04957563955187797,-0.041470220638066525
1783169472307606000,7.19360595703125,0.09581482815742492,0.05791150622069835,-0.04928849317356944
1783169472317555000,7.203554931640625,0.09586392799615859,0.048589551123976706,-0.06562617225125432
1783169472327504000,7.21350390625,0.1038543422281742,0.03872749780118465,-0.08119199017360806
1783169472337483000,7.22348291015625,0.1205289981752634,0.059903556820750235,-0.06270531636849046
1783169472347432000,7.233431884765625,0.09579144728183746,0.07915244717001914,-0.05395166267901659
1783169472357380900,7.243380859375,0.06481880139112473,0.07280278588235378,-0.03411857923362404
1783169472367328800,7.253328857421875,0.054413142710924144,0.07238426820933819,-0.0352558761678636
1783169472377309000,7.263308837890625,0.018018471771478653,0.09433715682029724,-0.035833676055818796
1783169472387256800,7.2732568359375,-0.03591770107746124,0.09853694659769534,-0.040328503257036206
1783169472397206000,7.2832060546875,-0.0564846882879734,0.09798281984627247,-0.055446285150945185
1783169472407155000,7.293155029296875,-0.03385492332875729,0.08717208749651909,-0.037641309999674556
1783169472417134000,7.303134033203125,-0.02064414409995079,0.09973170934021472,-0.022023177368193862
1783169472427083000,7.3130830078125,-0.016112345889210702,0.10181552987694739,-0.011927461419999598
1783169472437031000,7.323031005859375,-0.012375497448444366,0.08980886574089526,0.009850801276415586
1783169472447011000,7.333010986328125,0.02505903793275356,0.08861644108593464,0.027128976074606178
1783169472456959000,7.342958984375,0.026497546303272244,0.11549041948616504,0.028581074579060076
1783169472466908000,7.352907958984375,0.028034254351258277,0.12970365375578402,0.013690817830711603
1783169472476856800,7.36285693359375,0.058036009383201595,0.11439911711812019,0.001086480062454939
1783169472486836000,7.3728359375,0.04028174150586128,0.09495207384824753,0.0028017412814311683
1783169472496785000,7.382784912109375,0.05836567972898483,0.0817161601781845,0.01856412295550108
1783169472506733800,7.39273388671875,0.0771112967312336,0.09116437200307846,0.02687690100967884
1783169472516682000,7.402681884765625,0.03979775738120079,0.09436112221777439,0.018219401171058414
1783169472526662000,7.412661865234375,0.02608779645860195,0.08826748151779175,0.03558101646900177
1783169472536609800,7.42260986328125,-0.0001461304724216461,0.11167758319973944,0.03882087517306208
1783169472546559000,7.43255908203125,-0.01536123526096344,0.11984686112999915,0.0005493044458329677
1783169472556537900,7.442537841796875,-0.02798573903441429,0.11510288147330283,-0.028855945997685192
1783169472566487000,7.452487060546875,-0.052964112946391105,0.11329846239984034,-0.02938904822738841
1783169472576436000,7.46243603515625,-0.0684060122281313,0.09333820891082287,-0.012676252226997167
1783169472586385000,7.472385009765625,-0.060789107483625406,0.06570610561966896,-0.004123071279376745
1783169472596364000,7.482364013671875,-0.03724222767949104,0.06146832191944122,0.007147533667087555
1783169472606313000,7.49231298828125,-0.018038345515727996,0.06946341232657433,0.011677724442631005
1783169472616261000,7.50226123046875,-0.008936170649528502,0.058785366445779794,0.046721711425483224
1783169472626210000,7.5122099609375,-0.010053776502609251,0.08113339185416699,0.052305502907186746
1783169472636189000,7.52218896484375,0.016968670457601545,0.1041243913412094,0.035959056001156564
1783169472646137900,7.532137939453125,0.0389998850017786,0.1051484736919403,0.03194412127137184
1783169472656087000,7.542087158203125,0.06693243254423141,0.11596329769492149,0.02885843021571636
1783169472666066000,7.55206591796875,0.09132043934762478,0.12329612480103969,0.03372733316002413
1783169472676014800,7.562014892578125,0.10282675274610519,0.12195464706420897,0.03330971053615212
1783169472685963000,7.571962890625,0.10182371318340301,0.10399696556925773,0.017510357852559534
1783169472695912000,7.581911865234375,0.11148410645425319,0.10468260974586009,-0.011226035152375698
1783169472705890800,7.591890869140625,0.09618073886036872,0.10619009169936179,-0.02455459554195404
1783169472715839700,7.60183984375,0.0756511610507965,0.05797521910667419,-0.03663198682665825
1783169472725789200,7.6117890625,0.11129413684010506,0.04592530035078525,-0.0526940638333559
1783169472735738000,7.621738037109375,0.09998013114333153,0.05009644855558872,-0.048651072052866215
1783169472745717000,7.631717041015625,0.1013011506140232,0.05167991835474968,-0.05030307704359293
1783169472755666000,7.641666015625,0.10299392600655555,0.06817571060359477,-0.053668169562518596
1783169472765614000,7.651614013671875,0.08252104682028293,0.08082651786208152,-0.07392799052000046
1783169472775594000,7.661593994140625,0.06436871953606606,0.0875333220243454,-0.10182458996623754
1783169472785542000,7.6715419921875,0.09294365663528442,0.08488719142973422,-0.12691300012394785
1783169472795491000,7.681490966796875,0.1340530811369419,0.08680266966223717,-0.1319670686431229
1783169472805440000,7.69143994140625,0.15207038386464117,0.09263561359941959,-0.12069924017563462
1783169472815419000,7.7014189453125,0.17074936537146568,0.09763970549702644,-0.08373407587185501
1783169472825367800,7.711367919921875,0.17808803769648074,0.04461480227410793,-0.04532601928338408
1783169472835316000,7.72131591796875,0.17827157756984233,0.010732406416535377,-0.04389700939357281
1783169472845265000,7.731264892578125,0.18352116866111753,0.029529461345076558,-0.04838674029456451
1783169472855244000,7.741244140625,0.18407821802198887,0.06195932030677795,-0.020782694054115564
1783169472865193000,7.75119287109375,0.15971476113796232,0.07548340326845646,0.014953659107070416
1783169472875142000,7.761141845703125,0.14845160884559153,0.06897942820191383,0.04721884729266167
1783169472885120800,7.771120849609375,0.1318880120575428,0.06805588361620903,0.06925035409778356
1783169472895070000,7.781070068359375,0.08123217605352401,0.06098901396989822,0.07505056480914354
1783169472905019100,7.79101904296875,0.04064122246801853,0.056698038777709,0.0932766697156243
1783169472914967000,7.800967041015625,0.014845686954259871,0.02668985400497913,0.060035366506874556
1783169472924947000,7.810947021484375,-0.029619477716088295,0.02753390361368656,0.06154502215115353
1783169472934895000,7.82089501953125,-0.09101122726798057,0.03972118501365184,0.08373436813279986
1783169472944844000,7.830843994140625,-0.13707505930662153,0.04911503630280494,0.0839506412319839
1783169472954793000,7.84079296875,-0.10987667125761508,0.0031739538609981536,0.0551601616859436
1783169472964772000,7.850772216796875,-0.1286450846135616,0.00741699825823307,0.02784121599718928
1783169472974721000,7.860720947265625,-0.15059154348373413,0.02439677463173866,0.018760522310435773
1783169472984669000,7.8706689453125,-0.10673720418810843,0.03688917645812034,0.03513736435472965
1783169472994648800,7.88064892578125,-0.009535890108346939,0.04286415921449661,0.05607786105275154
1783169473004597000,7.890596923828125,0.03809621416032314,0.06356617098152637,0.041072289095353334
1783169473014546000,7.9005458984375,0.06964636767804622,0.07223170799612999,-0.02270195341259241
1783169473024494800,7.910494873046875,0.08040683114528656,0.0613210224032402,-0.07250760232806205
1783169473034474000,7.920473876953125,0.08681552914381027,0.06470832675397396,-0.10781564707458019
1783169473044423000,7.9304228515625,0.09246844033896923,0.08618892167806624,-0.15991744410321115
1783169473054372000,7.9403720703125,0.11090367621779441,0.0855249048113823,-0.2251442417733371
1783169473064319700,7.95031982421875,0.12260054375231265,0.08485387368202209,-0.25933731101527807
1783169473074300200,7.960300048828125,0.11738543945252895,0.07512275326251983,-0.246946323736757
1783169473084248000,7.970248046875,0.1320394032269716,0.04992927529513835,-0.2261843984760344
1783169473094197000,7.980197021484375,0.14586685304939745,0.05254676431715488,-0.2091189896456897
1783169473104176000,7.990176025390625,0.1485878024458885,0.0693161128103733,-0.1900545159526169
1783169473114125000,8.000125,0.15940496453642844,0.06467150187492371,-0.1464268250197172
1783169473124074000,8.010073974609375,0.1580348452270031,0.07593933034241199,-0.115608931299299
1783169473134022000,8.02002197265625,0.10938041217327117,0.09893851313591003,-0.10685966152399778
1783169473144002000,8.030001953125,0.07364508192539215,0.06403086588382721,-0.09924187999665736
1783169473153954800,8.039954833984375,0.09840776726007461,0.015761048233509063,-0.09960749843865632
1783169473163903700,8.04990380859375,0.12884031492471695,0.006925999870896339,-0.08107260157763957
1783169473173853000,8.05985302734375,0.10516776291429995,0.006361936247348785,-0.04537512825527228
1783169473183831800,8.069831787109376,0.10611410385370254,-0.009369301369786262,-0.047844870236516
1783169473193781000,8.079781005859376,0.07935001556873321,-0.006693360158801079,-0.037763484207773576
1783169473203730000,8.08972998046875,-0.012250994285941123,-0.010872107148170471,-0.0019322832368314266
1783169473213708800,8.099708740234375,-0.07415595405697822,-0.01728080514669418,0.04338409143537283
1783169473223657700,8.10965771484375,-0.07156301495432853,0.04131108455359935,0.0902262143701315
1783169473233606000,8.11960595703125,-0.12561609218120573,0.11050269420146941,0.096675390509516
1783169473243554800,8.129554931640625,-0.1761509321540594,0.1289811847001314,0.09471913274205289
1783169473253534000,8.139533935546876,-0.17873802603781222,0.12694997113347053,0.10440436819321475
1783169473263483000,8.14948291015625,-0.1386626207590103,0.14530980368852614,0.11467515758052467
1783169473273431800,8.159431884765626,-0.07704933741092682,0.1795364829391241,0.09610665071085095
1783169473283379700,8.169379638671876,-0.03361000865697861,0.1874362962782383,0.08494199035689234
1783169473293359900,8.17935986328125,0.033113165050745005,0.17811434118151664,0.08599953658580779
1783169473303307800,8.189307861328125,0.07986556387543678,0.1442792915970087,0.09790668587014079
1783169473313256700,8.199256591796875,0.12155366504788398,0.11170447120666503,0.10248349226638674
1783169473323235800,8.20923583984375,0.18209727333784104,0.09176993668079375,0.10164660305082797
1783169473333184800,8.219184814453126,0.22899814072251318,0.10045827004909515,0.0966173767119646
1783169473343134000,8.229134033203126,0.18656652770638465,0.086230422732234,0.08362111701667309
1783169473353083000,8.239082763671876,0.1842114890128374,0.057736734175682064,0.08468874624818563
1783169473363062000,8.24906201171875,0.18726795397400856,0.07673895628750324,0.09919234176650643
1783169473373011000,8.259010986328125,0.14234803127348422,0.12367138785421848,0.10321631831927225
1783169473382958800,8.268958740234375,0.10538286696970463,0.14287351645231247,0.07050108481124043
1783169473392907800,8.27890771484375,0.09150690183043479,0.1496113002747297,0.05171265158057212
1783169473402887000,8.288886962890626,0.06241992355585098,0.14520575879216194,0.05785261564031243
1783169473412835800,8.2988359375,0.05996142448782921,0.13704057251513002,0.05253565840125084
1783169473422784800,8.30878466796875,0.04810673604309559,0.12929156582355497,0.029008926336001602
1783169473432764000,8.318763916015625,0.02005728412270546,0.10892740770876407,0.04625555521845817
1783169473442712800,8.328712890625,0.010313888743519782,0.0777472565472126,0.05003127436488867
1783169473452660700,8.33866064453125,0.009632336220145225,0.0480623123794794,0.027487434123456476
1783169473462609700,8.348609619140625,0.026679332610964772,0.02769114000201225,-0.04857961425185203
1783169473472588800,8.3585888671875,0.019583236870169638,0.01642038892507553,-0.09320976022556424
1783169473482537700,8.368537841796876,0.021926585125923156,0.007965279790759085,-0.08880348809063435
1783169473492486700,8.378486572265626,0.033332360759377476,0.0041594577670097345,-0.08712562713944352
1783169473502435800,8.388435791015626,0.051637832778692244,0.0158335289478302,-0.10366247291788458
1783169473512415000,8.3984150390625,0.02806932566463947,0.026807927426695823,-0.13142945463508368
1783169473522364000,8.408364013671875,0.006084872871637344,0.02782674908041954,-0.13644465244859455
1783169473532311800,8.418311767578125,0.043215456870198246,0.02701075652241707,-0.12318608855530619
1783169473542292000,8.4282919921875,0.06212415547966957,0.04017126686871052,-0.11461393804573454
1783169473552239900,8.438239990234376,0.03526069847345352,0.03692775490283966,-0.10296630734726786
1783169473562188800,8.448188720703126,0.02118015067279339,0.01917348702549934,-0.08033508108332753
1783169473572137700,8.4581376953125,0.10323124189376831,0.024885434931516646,-0.07525778695219196
1783169473582116900,8.468116943359375,0.12602701106965541,0.058032502251863474,-0.06582476356327534
1783169473592065800,8.478065673828125,0.09896890827417373,0.057552025258541105,-0.046403146995604036
1783169473602014700,8.4880146484375,0.13055764023661612,0.030587445965409278,-0.04445566618964076
1783169473611963000,8.497962890625,0.14498831664919853,0.04931786539852619,-0.047716275420784944
1783169473621942800,8.50794287109375,0.10557634371519088,0.08450549863576888,-0.050529287014901635
1783169473631890700,8.517890625,0.09465162959694862,0.1002209541618824,-0.031226328390836715
1783169473641839600,8.527839599609376,0.10192717355787753,0.09630933367609977,-0.0063213119760155674
1783169473651818800,8.53781884765625,0.08905658606886863,0.09314823929667472,0.013507424087822437
1783169473661767700,8.547767578125,0.11043664322793482,0.11330664570629596,0.03473974333927035
1783169473671716900,8.557716796875,0.10447510447502135,0.1432382581114769,0.03730287182554602
1783169473681665000,8.5676650390625,0.08879238217473029,0.14891864183545112,0.04042582615166902
1783169473691645000,8.57764501953125,0.11188976464569568,0.13644552923142908,0.040093379326909775
1783169473701592800,8.5875927734375,0.08288111230432987,0.15042729283273218,0.04913403326421976
1783169473711542000,8.5975419921875,0.04252747460603714,0.15130875184237957,0.04042582615166902
1783169473721491000,8.607490966796876,0.0472130020737648,0.1585878029346466,0.028061726880073547
1783169473731469800,8.6174697265625,0.03271452112197876,0.1546919645398855,0.032852906679362054
1783169473741418800,8.627418701171875,0.05904138703346252,0.12284078224897384,0.03153919373229146
1783169473751367700,8.63736767578125,0.07931494425535202,0.12094985393583774,0.04064809060022235
1783169473761346800,8.647346923828126,0.08139993383586407,0.12292553792297839,0.05733969768211245
1783169473771295700,8.657295654296876,0.06560673689842224,0.1003337668865919,0.03787351132035255
1783169473781244000,8.667243896484376,0.03331950127780437,0.08654372646510601,0.007669511714577674
1783169473791192800,8.67719287109375,0.05129939460456371,0.07646715360879898,-0.02389233224093914
1783169473801171700,8.687171630859375,0.07261281626820563,0.07745850273370743,-0.04018719509020448
1783169473811120600,8.69712060546875,0.05914601645171642,0.05931202066838741,-0.04543137935400009
1783169473821069800,8.70706982421875,0.008833879318833351,0.017300678890943527,-0.06120747902616858
1783169473831017700,8.717017822265625,0.00979249521791935,0.0009627075523138045,-0.07678179078223184
1783169473840998000,8.726997802734376,0.03615852409601211,0.007729132947325706,-0.07626739325299858
1783169473850946000,8.736946044921876,0.031205870124697683,0.035215105766057964,-0.08385448738113045
1783169473860895000,8.74689501953125,0.059387423992156976,0.04355857121944427,-0.10630948029533029
1783169473870873900,8.756873779296875,0.0784662184715271,0.06885141790807246,-0.11005465817302465
1783169473880822800,8.76682275390625,0.05760404770672321,0.06135492467284202,-0.103119890473783
1783169473890772000,8.77677197265625,0.09684943190217017,0.03199497467577457,-0.06619418139755726
1783169473900721000,8.786720947265625,0.14055062646269798,0.02021452051103115,-0.04418956259936094
1783169473910699800,8.79669970703125,0.14607143571078776,0.04322247113287449,-0.03496407188074663
1783169473920648700,8.806648681640626,0.1499959156781435,0.04774257890582084,-0.038392420627921815
1783169473930596900,8.816596923828126,0.14030863440036773,0.04536591290235519,-0.047222500554472205
1783169473940545800,8.8265458984375,0.10142799186408519,0.036948213168978686,-0.042865620519220826
1783169473950525000,8.83652490234375,0.10160510199666023,0.04158113366663456,-0.06356792454719543
1783169473960473900,8.846473876953125,0.09726794957518577,0.06678630207180976,-0.08118073812723159
1783169473970422800,8.8564228515625,0.0825485193490982,0.06880816328823566,-0.07356544995107688
1783169473980401700,8.866401611328126,0.07322831781804562,0.0653776043176651,-0.060721896599465974
1783169473990350800,8.876350830078126,0.04297580289542675,0.06158522629737854,-0.029124095414578912
1783169474000298800,8.886298828125,0.04600654889345169,0.07829319999217986,0.007469020706415176
1783169474010248000,8.896248046875,0.05754501099586486,0.10207038142085074,0.03417641036808491
1783169474020226800,8.906226806640625,0.053261634588241576,0.10905834061205387,0.03092661479189992
1783169474030176000,8.916176025390625,0.047478959533572195,0.11083470263481139,0.04048689042283222
1783169474040125000,8.926125,0.014746318233013152,0.10933014329075813,0.05210647320374846
1783169474050073900,8.936073974609375,-0.00978898808658123,0.08524316526055335,0.07062807219177485
1783169474060053000,8.946052978515626,0.0558048893302679,0.07896949181854725,0.09133503412855788
1783169474070002000,8.956001953125,0.0676473028153181,0.0977899276226759,0.09244547958848998
1783169474079949800,8.96594970703125,0.041859950608015055,0.10335983670949936,0.08717164910510182
1783169474089929700,8.9759296875,0.08801321449577808,0.08913608104586601,0.08475655078738928
1783169474099878000,8.9858779296875,0.09463350941836833,0.08500409580767154,0.08441080608963966
1783169474109826800,8.995826904296875,0.07094926697015762,0.08235562712550162,0.0824681475892663
1783169474119775700,9.005775634765625,0.08969196136295796,0.07030746193528174,0.08182897290289401
1783169474129755000,9.0157548828125,0.08957388794124126,0.054229602837562556,0.06449819113463164
1783169474139703800,9.025703857421876,0.10293839642703533,0.048553310766816134,0.05203412948674522
1783169474149651700,9.035651611328126,0.10147650718092918,0.05084171396493911,0.03777268129438162
1783169474159639000,9.04563916015625,0.0779302118986845,0.06008300504088401,0.035963147654384374
1783169474169618200,9.0556181640625,0.07199789924025535,0.054586161190271376,0.0004983049109578133
1783169474179567000,9.065567138671875,0.08804302511215209,0.043776597884297365,-0.04203867730894126
1783169474189516300,9.075516357421876,0.11406769320666789,0.05529869337379932,-0.034588936691731215
1783169474199495400,9.085495361328125,0.11720891384184359,0.050615503993630406,-0.039122780729085205
1783169474209444400,9.0954443359375,0.1211257950246334,0.03478022148013115,-0.04236673108637333
1783169474219393300,9.105393310546875,0.11221417429447174,0.017600538620352744,-0.05906944408416748
1783169474229341200,9.115341064453125,0.1181628535658121,-0.0014525368958711623,-0.09546353963487782
1783169474239321300,9.1253212890625,0.1239881987184286,0.016797990065813062,-0.12723946473249234
1783169474249269200,9.135269287109375,0.09891571678221225,0.04468494490087032,-0.13704934034347532
1783169474259218200,9.14521826171875,0.14882278024554252,0.05698094737231731,-0.15346154596209524
1783169474269167000,9.1551669921875,0.1997790605008602,0.05805763669312,-0.14299553539678453
1783169474279146200,9.165146240234375,0.14067863675653933,0.05083236161470413,-0.12253989960625768
1783169474289095200,9.17509521484375,0.09312778103053569,0.026496377259492873,-0.0896316094778478
1783169474299043000,9.18504296875,0.10484919848442077,0.047664837494492525,-0.07379705761671065
1783169474309023200,9.195023193359376,0.11311141539514064,0.10577975733280182,-0.09882584654167294
1783169474318971100,9.20497119140625,0.13317279117107392,0.12804770324230194,-0.10128653756678103
1783169474328920000,9.214920166015625,0.10946575236916542,0.11919219661355018,-0.07431859727278352
1783169474338869000,9.224868896484375,0.11061141527295112,0.06986790147423744,-0.03714095926210284
1783169474348848000,9.23484814453125,0.12645254300534725,0.023882395368814466,-0.005841127243638038
1783169474358797300,9.24479736328125,0.13310849376320838,0.024858546924591062,0.02363850361034274
1783169474368746200,9.254746337890625,0.12133563838303088,0.045590953829884526,0.03595217873579822
1783169474378694400,9.2646943359375,0.08589373812377453,0.024120880299806594,0.03442029299340211
1783169474388674300,9.27467431640625,0.05127426016330719,0.00035948096215724946,0.012686463093757629
1783169474398622200,9.284622314453125,0.028079262536764144,0.024154782569408416,0.014640218376880511
1783169474408571100,9.294571044921875,0.004146013763546943,0.039406712237000464,0.014448787458008155
1783169474418550300,9.30455029296875,-0.03688274671733379,0.0232709854722023,-0.006820064411545172
1783169474428499200,9.314499267578125,-0.0789449418991804,0.013284428986907005,-0.013465338511765002
1783169474438448000,9.3244482421875,-0.13425298762321472,0.015130349114537239,-0.011940759292989968
1783169474448397000,9.33439697265625,-0.1243628772497177,0.03458382212519646,-0.020296499706059692
1783169474458376200,9.344376220703126,-0.07015899337530136,0.04552490285634994,-0.012151041042804718
1783169474468324000,9.354323974609375,-0.06072539459764957,0.05120177944898605,-0.013590864587575196
1783169474478273300,9.364273193359375,-0.04479541953802108,0.025867431706190106,0.029887773263454435
1783169474488222200,9.37422216796875,-0.0007552022814750671,0.0212841955691576,0.05939195403680205
1783169474498201000,9.384201171875,0.02789338457584381,0.03477028460800648,0.04617752154618501
1783169474508150000,9.39414990234375,0.05406184505522251,0.04333411481380462,0.037598493771255015
1783169474518099200,9.40409912109375,0.10041501542925835,0.0667062225729227,0.019404373171925542
1783169474528078300,9.414078369140626,0.09311316798329353,0.0830102916419506,0.008306348313391209
1783169474538027300,9.42402734375,0.08053776404857635,0.09800561619997024,0.006743775171786546
1783169474547975400,9.433975341796875,0.0918424173951149,0.10215046091973781,-0.0011377718582749367
1783169474557924400,9.44392431640625,0.11200140832662582,0.0899684402167797,-0.018420184440165757
1783169474567903200,9.4539033203125,0.11061842953562735,0.08994447481930255,-0.00013034838140010832
1783169474577852200,9.46385205078125,0.12945523195266723,0.0858159967124462,0.005340922636538743
1783169474587801300,9.47380126953125,0.15643383977115152,0.05171206705868244,-0.0026474457688629625
1783169474597750300,9.483750244140625,0.1667301928579807,0.018092706051468847,0.0027111586548388003
1783169474607729200,9.493729248046876,0.14038286868035793,0.025337270352244375,-0.007564590035378933
1783169474617678000,9.503677978515626,0.12986030562222003,0.036270752298831935,-0.02329158986881375
1783169474627626200,9.513626220703125,0.11044599557816982,0.05148585708737373,-0.033534459202736615
1783169474637606100,9.523606201171875,0.06561784281432628,0.04986731597483158,-0.044712435695994646
1783169474647554000,9.533553955078125,0.035975568744540214,0.05843114618062973,-0.05378436155440285
1783169474657503200,9.543503173828125,0.02203530619740486,0.05358604423701763,-0.05559168497100472
1783169474667452200,9.5534521484375,0.021005963149666785,0.06614508155882358,-0.055222577663976695
1783169474677431000,9.56343115234375,0.023057634982466695,0.07351765615344047,-0.054217766269296405
1783169474687380200,9.573380126953126,0.022801029872894285,0.06214636731147766,-0.050049102282524106
1783169474697328000,9.583328125,0.026056232276558875,0.05556465083360672,-0.04678367074579
1783169474707277300,9.59327734375,0.03118891898989677,0.06517477522194386,-0.03097997068064287
1783169474717256200,9.603256103515625,0.03817454009354114,0.0856026462227106,-0.027750030582398173
1783169474727205400,9.613205322265625,0.029209143349528312,0.07879588881731033,-0.033175708892941476
1783169474737154300,9.623154296875,0.04648761040866375,0.06982815398573874,-0.03247603619098663
1783169474747133200,9.63313330078125,0.06432078874111175,0.07762567599415779,-0.02324775072708726
1783169474757082000,9.64308203125,0.06311492008268833,0.08458791622221469,-0.012742449331004171
1783169474767031300,9.65303125,0.07490998729467392,0.09892331556677818,-0.003364946388453245
1783169474776979200,9.662979248046875,0.09006605537235736,0.11842998006939888,0.035417770464997736
1783169474786959000,9.672958984375,0.058013797551393506,0.11508417677283286,0.06868409851714968
1783169474796907300,9.6829072265625,0.021942367216944692,0.10037292985320091,0.07492080094963312
1783169474806856200,9.692856201171875,-0.02523556354343891,0.07395838565826415,0.07638312858715653
1783169474816805000,9.70280517578125,-0.02261047573685646,0.06314589974284171,0.05034866975098848
1783169474826784300,9.7127841796875,-0.0720434919476509,0.0672813921123743,0.029274171409755943
1783169474836733200,9.722733154296876,-0.1327244628816843,0.06302665727734566,0.009767945298552513
1783169474846681000,9.73268115234375,-0.12491466591358184,0.041812019813060756,-0.03017477351129055
1783169474856661200,9.7426611328125,-0.07680442273914813,0.03369417980909347,-0.07937851101085543
1783169474866609200,9.752609130859375,-0.04552490285634994,0.05815992802381515,-0.09275500219538807
1783169474876558300,9.762558349609375,-0.044376317343115805,0.05178396325111389,-0.10564926282092928
1783169474886507300,9.77250732421875,-0.0168617029517889,0.04055471322834491,-0.09690817635208368
1783169474896486400,9.782486328125,0.058494274544715875,0.059600189960002894,-0.08826558182165026
1783169474906435300,9.792435302734376,0.12104688456952571,0.07072422604262829,-0.0948155879870057
1783169474916384300,9.80238427734375,0.18464520425498485,0.08031623025238513,-0.07797931173741816
1783169474926332200,9.812332275390625,0.28250761259198187,0.09094692986011504,-0.038969489863514895
1783169474936312300,9.822312255859375,0.28440087899267674,0.10849252342283724,0.023927823679428546
1783169474946260200,9.83226025390625,0.24644436556398866,0.10613748472929001,0.05765402432829141
1783169474956209200,9.842209228515625,0.2299859827160835,0.11583821001052856,0.03361380804926157
1783169474966188300,9.852188232421875,0.2347527587264776,0.14379706103801726,0.04187880143895745
1783169474976137200,9.86213720703125,0.23357962329387663,0.1735842965364456,0.03200008924230933
1783169474986086100,9.872086181640626,0.22526479941308497,0.18004910863637924,0.017624504017829893
1783169474996034000,9.882033935546875,0.17561200297176838,0.1393202078849077,0.029237474394869057
1783169475006014200,9.89201416015625,0.1528922216415405,0.08822714950740337,0.023535189366340636
1783169475015962000,9.901962158203125,0.11513561469912528,0.050125674650073046,0.004010843076556921
1783169475025911000,9.9119111328125,0.06775953101813793,0.04538578664660454,-0.016492449514288455
1783169475035860200,9.921860107421875,-0.0018394903868436813,0.029222002831101417,-0.04278570541711524
1783169475045839400,9.93183935546875,-0.07339607560038566,0.014988310295343399,-0.038665684611350296
1783169475055788300,9.941788330078126,-0.09478490058779716,0.01727437540590763,-0.028393735313415526
1783169475065737200,9.9517373046875,-0.09080547556281089,0.046617374268174167,-0.030783699189871547
1783169475075716400,9.96171630859375,-0.06963350819647311,0.08001461695730686,-0.037317795400042084
1783169475085665300,9.971665283203125,-0.06099135205745697,0.08954407732486724,-0.02138809433504939
1783169475095613200,9.98161328125,-0.08202887938916682,0.07140460952222347,0.04863587448373437
1783169475105562000,9.99156201171875,-0.06448328582644462,0.05588379978537559,0.07396481539905071
1783169475115541200,10.001541259765625,-0.03811959503591061,0.09178454972803592,0.030853403425216672
1783169475125490200,10.011490234375,-0.04322422469854355,0.11463760204911232,-0.05501271603927016
1783169475135439000,10.021439208984376,-0.032951252487301824,0.09657938278913497,-0.0887880165268667
1783169475145387300,10.03138720703125,-0.010830021572113036,0.048584874948859214,-0.03934884456992149
1783169475155364900,10.04136474609375,0.03227086900770664,-0.0021907880425453183,-0.006724632079899311
1783169475165313000,10.05131298828125,0.09820844529569149,-0.0010737667113542555,-0.022590035737026483
1783169475175262000,10.061261962890624,0.11670154884159564,0.00523848517537117,-0.0703510088160634
1783169475185241000,10.071240966796875,0.1390203481554985,0.018861352336406706,-0.09594152327701448
1783169475195190000,10.08118994140625,0.12922726841568946,0.03830898012816906,-0.08900911193164066
1783169475205139000,10.091138916015625,0.12781564805209636,0.06897124489545822,-0.09508709840476512
1783169475215087900,10.101087890625,0.14128244786858557,0.09569558569192886,-0.14948182867616414
1783169475225067000,10.11106689453125,0.11596095960736275,0.09229133020639418,-0.1699563152976334
1783169475235016000,10.121015869140624,0.09344576093852519,0.0707850163191557,-0.1354676423762925
1783169475244963800,10.1309638671875,0.13516659533679484,0.05748480524122715,-0.09867315846430137
1783169475254912800,10.140912841796874,0.11771335623264312,0.06874620396792888,-0.06361952687026932
1783169475264892000,10.150891845703125,0.10299275696277618,0.043932080706954,-0.056665013290941715
1783169475274841000,10.160841064453125,0.1379576873600483,0.016248539489507673,-0.05741480874493718
1783169475284790000,10.1707900390625,0.13993161778151988,0.038221886366605756,-0.07029211823567748
1783169475294769200,10.18076904296875,0.09311492154896259,0.05754267290830612,-0.09507219309657812
1783169475304718000,10.190718017578124,0.0826660082489252,0.027520459610223768,-0.07031259476812556
1783169475314666000,10.200666015625,0.06808043353557586,0.0021586393386125564,-0.06282689692154526
1783169475324615000,10.210614990234374,0.04730944818556308,0.014862053567171097,-0.06428120564939453
1783169475334594000,10.220593994140625,0.06026303778290748,0.05084755918383598,-0.051914896154403686
1783169475344543000,10.23054296875,0.04983984344601631,0.08352408638298511,-0.03460325747802853
1783169475354492000,10.240491943359375,0.06156009185612201,0.10696750581264496,0.005248696042131632
1783169475364440800,10.25044091796875,0.07511047830283642,0.12765490453243256,0.012782763075083494
1783169475374420000,10.260419921875,0.050445992645621295,0.11974632336497307,0.04174509205669164
1783169475384369000,10.270368896484374,0.04164250846505165,0.09189794697463512,0.07652545966729521
1783169475394316800,10.28031689453125,0.04106324727237224,0.0857470231294632,0.08399126550331712
1783169475404297000,10.290296875,0.004338905987143516,0.11417582975625991,0.07439458511844277
1783169475414244900,10.300244873046875,-0.023106150299310683,0.11591945855319499,0.01113309617191553
1783169475424193800,10.31019384765625,-0.013476152166724204,0.1202501812338829,-0.020698066244274376
1783169475434143000,10.32014306640625,-0.02671440392434597,0.1344102240115404,-0.007638258059788495
1783169475444121900,10.330121826171874,0.007211831074953079,0.13992927969396113,-0.0022363990162499246
1783169475454071000,10.340071044921874,0.06161679047942161,0.13121113570928572,-0.01729658723771572
1783169475464020000,10.35002001953125,0.07225976504683494,0.1145382333278656,-0.02509966220408678
1783169475473968000,10.359968017578124,0.08964812222123146,0.07829904521107674,-0.011309767913073301
1783169475483947000,10.369947021484375,0.09563947159051894,0.05665186154842376,-0.005596650963276624
1783169475493896000,10.37989599609375,0.10469020853042602,0.05483224490582943,0.00454699577987194
1783169475503844900,10.389844970703125,0.0936766470849514,0.059438861918449395,0.010469371566176415
1783169475513824000,10.399823974609374,0.10577975733280182,0.05468377634584903,-0.01717851381599903
1783169475523773000,10.40977294921875,0.13700374763607978,0.06309095468521118,-0.021215660377591847
1783169475533721900,10.419721923828124,0.1031529159605503,0.07720482023358345,-0.00458513583317399
1783169475543670000,10.429669921875,0.0700263069063425,0.060709612506628034,-0.023907986467797307
1783169475553650000,10.43964990234375,0.07339490655660628,0.045447161445021624,-0.028097236584872006
1783169475563597800,10.449597900390625,0.055602644756436344,0.06028934126794338,-0.020445845048874617
1783169475573547000,10.459547119140625,0.06364215882718563,0.0743009154856205,-0.029122780240327117
1783169475583496000,10.469495849609375,0.030676293292641637,0.07818389439880848,-0.03241804065974429
1783169475593474800,10.479474853515624,-0.04766425297260284,0.07316694301962852,-0.060618280961364505
1783169475603424000,10.489424072265624,-0.010953940212726592,0.050049102282524106,-0.06103153793737292
1783169475613373000,10.499373046875,0.06941606605350971,0.06265607039928436,-0.05068710792511701
1783169475623352000,10.50935205078125,0.060765142086148256,0.06841185744702816,-0.0383366170537658
1783169475633301000,10.519301025390625,0.043562662872672075,0.04668634785115718,-0.005263911877572536
1783169475643249200,10.529249267578125,0.06265139422416686,0.017733809611201284,0.0056175476208329194
1783169475653198000,10.539197998046875,0.0772159261494875,0.05095277312397956,0.03059867974547669
1783169475663177000,10.549177001953124,0.07808744828701018,0.07100362750589848,0.021487316925823688
1783169475673126000,10.5591259765625,0.0252881705135107,0.05726385596692562,-0.010375263541936873
1783169475683075000,10.569074951171874,0.03245850053429603,0.0467032989859581,-0.012720365363359451
1783169475693023000,10.57902294921875,0.04401508281528949,0.05589899735450744,0.01550327408015728
1783169475703003000,10.5890029296875,0.02131809783875942,0.0651724371343851,0.037715818274300546
1783169475712951000,10.598950927734375,0.013141805645823477,0.06796645176708697,0.027993337818980217
1783169475722900000,10.60889990234375,0.019244798696041107,0.08428630292713642,0.037327275614440436
1783169475732878800,10.61887890625,0.02322480824291706,0.1104816514134407,0.039209582229703666
1783169475742827800,10.628827880859374,0.03404255485534668,0.12890402781069277,0.02575491124242544
1783169475752777000,10.63877685546875,0.04205108926594257,0.11448270374834536,0.012852467310428618
1783169475762726100,10.64872607421875,0.040838790866732595,0.11796879229843615,0.016774444793444126
1783169475772704800,10.658704833984375,0.0540232666105032,0.1271522157073021,0.021318664094340054
1783169475782654000,10.668654052734375,0.06826514245271682,0.10834931555986403,0.039839550696313376
1783169475792602000,10.67860205078125,0.0684404990196228,0.0944523076325655,0.03471270920187235
1783169475802551000,10.688551025390625,0.06770166335105895,0.10246201108694077,0.03350245662927628
1783169475812530000,10.698530029296874,0.09817045137286186,0.12072305944263935,0.0019178163200616835
1783169475822479000,10.70847900390625,0.08773848920762538,0.1390554194688797,-0.014857815783470868
1783169475832428000,10.718427978515624,0.0733639268964529,0.14394085342288016,-0.01856266165077686
1783169475842407000,10.728406982421875,0.10940262400507926,0.13106734332442282,-0.020560119078308344
1783169475852355800,10.73835595703125,0.1157318270266056,0.1358569156885147,-0.026291063945740458
1783169475862304000,10.748303955078125,0.09895137261748313,0.13334405608475208,-0.013735990412998944
1783169475872253000,10.7582529296875,0.1206944178700447,0.09949731606245041,-0.01138517123684287
1783169475882232000,10.768232177734374,0.11925707854330539,0.08703004867732525,-0.022540771501511334
1783169475892181000,10.778180908203124,0.09955985990464687,0.09373802188336848,-0.027816245952714234
1783169475902130000,10.7881298828125,0.10870061321556568,0.09061141429543494,-0.03870647327946499
1783169475912078800,10.798078857421874,0.11146890888512134,0.0919639979481697,-0.05859510457068681
1783169475922058000,10.80805810546875,0.06046060618162155,0.09549392563998699,-0.07804580110237001
1783169475932007200,10.818007080078125,0.07144026535749436,0.09901976167857646,-0.054040217745304105
1783169475941954800,10.827954833984375,0.08082651786208152,0.103104985165596,-0.03757832776606083
1783169475951935000,10.83793505859375,0.08276303888261317,0.09284604147970676,-0.0340163975007832
1783169475961883100,10.847883056640624,0.09673837274312973,0.07658990320563316,-0.013700754702836274
1783169475971832000,10.85783203125,0.15493629468977452,0.09177344381213187,0.03000526216328144
1783169475981781000,10.867781005859374,0.12956219945847988,0.09853753111958503,0.0419344771489501
1783169475991760100,10.877760009765625,-0.00954758054614067,0.011793313646316528,-0.03150280724465847
1783169476001709000,10.887708984375,0.03898936360776424,-0.019195698857307434,-0.05153846405744552
1783169476011657000,10.897656982421875,0.1309673900812864,0.07502864523828029,-0.0018584873482584952
1783169476021606000,10.90760595703125,0.06361410177648068,0.12330313906371593,-0.0046361353680491445
1783169476031585000,10.9175849609375,0.019566870257258413,0.07455050633251667,-0.060802862014342096
1783169476041534000,10.927533935546874,0.061169046711921686,0.06361819342970848,-0.06329919060841202
1783169476051483000,10.93748291015625,0.04878478143513203,0.08656476925313472,-0.024943594859540463
1783169476061462000,10.9474619140625,0.04756371520757675,0.09241466432511806,0.014991525165736675
1783169476071411000,10.957410888671875,0.07472294028997421,0.07503858211040497,0.04566664941459894
1783169476081360000,10.96735986328125,0.08346446515023707,0.04279693919718265,-0.04643704926520586
1783169476091307800,10.977307861328125,0.09864566766917705,0.048519993019104,-0.03157207308858633
1783169476101288000,10.987287841796874,0.04993336694836616,0.0721527975410223,-0.005427431876212358
1783169476111235800,10.99723583984375,-0.008689502412080764,0.0706932463824749,0.0010474632263183592
1783169476121185000,11.00718505859375,0.02059621330499649,0.0446598104596138,-0.04406009100079536
1783169476131134000,11.017134033203124,0.0005132102191448212,0.05381868394911289,-0.09983312388807535
1783169476141113000,11.027113037109375,-0.014939210456609725,0.07370704124569892,-0.08133008347004651
1783169476151062000,11.03706201171875,-0.0027098434805870055,0.07849193743467331,-0.044713440342992544
1783169476161031000,11.047031005859376,0.01625263114273548,0.06129238083064556,-0.02620924914749339
1783169476171011000,11.057010986328125,0.008783610436320304,0.03545885139405727,-0.03503772163884714
1783169476180959000,11.066958984375,0.011571195328235626,0.030821839243173596,-0.04032864938750863
1783169476190908000,11.076907958984375,0.03566752570867538,0.034600773259997365,-0.03730725573971867
1783169476200856800,11.08685693359375,0.031031098079681393,0.035676878058910365,-0.01387348092123866
1783169476210836000,11.0968359375,0.045833530414104456,0.018784195446968077,-0.01497881181463599
1783169476220785000,11.106784912109376,0.06201251179873943,0.02976853079795837,-0.01968172880858183
1783169476230733800,11.11673388671875,0.030609657797217367,0.04184709112644195,-0.007056055991351604
1783169476240682000,11.126681884765626,0.06641688423752784,0.03599485796689987,0.0033402503386139866
1783169476250662000,11.136661865234375,0.06037351242005825,0.06110124217271804,0.00025455928295850755
1783169476260609800,11.14660986328125,0.0035486323922872542,0.07635492540597916,0.018228168999403715
1783169476270559000,11.15655908203125,-0.02391045241951942,0.07983107708394527,0.07470438171997666
1783169476280537900,11.166537841796876,-0.04841653264462947,0.08042495132386684,0.10992268409011885
1783169476290487000,11.176487060546876,-0.08245967202186584,0.09552724338769912,0.07820406040400266
1783169476300436000,11.18643603515625,-0.07226853287518024,0.1223193887233734,0.051650253868848084
1783169476310385000,11.196385009765624,-0.04045592902898788,0.11639350580573081,0.03424582234248519
1783169476320364000,11.206364013671875,-0.004921089789271354,0.0827753138422966,0.010418207634519784
1783169476330312000,11.21631201171875,0.031498131069540976,0.07321779642403126,-0.022811423402745275
1783169476340260900,11.2262607421875,0.07074000813364982,0.07802373540103436,-0.0382188176266849
1783169476350210000,11.2362099609375,0.11037468390762806,0.06940145300626754,-0.053931788934767244
1783169476360189000,11.24618896484375,0.1667266857266426,0.056007718425989145,-0.07593889195099472
1783169476370137900,11.256137939453126,0.2269324403643608,0.07895020259618758,-0.09422799735739827
1783169476380086800,11.266086669921876,0.27181553818583487,0.11999182255864142,-0.10982859433218836
1783169476390066000,11.27606591796875,0.2741150472998619,0.14065700944662093,-0.08314166293665766
1783169476400014800,11.286014892578125,0.24904373440742492,0.14578911163806915,-0.0034220834031701087
1783169476409963000,11.295962890625,0.25704233194589615,0.22415128521323202,0.07257277651876211
1783169476419912000,11.305911865234375,0.2511357382506132,0.2663151872038841,0.1175518820606172
1783169476429890800,11.315890869140626,0.24313538714647293,0.25861937200427054,0.13472014847723765
1783169476439839700,11.32583984375,0.22250001087486743,0.22913433432281016,0.13873406029371543
1783169476449789000,11.335788818359376,0.197983409255743,0.21877894452512264,0.16982976630851626
1783169476459738000,11.345738037109374,0.18077157769203184,0.2390165536507964,0.17790595912784338
1783169476469717000,11.355717041015625,0.16371698251664638,0.23469255297183989,0.12920359527915715
1783169476479666000,11.365666015625,0.1435375333189964,0.2103922244518995,0.08586261233314871
1783169476489614000,11.375614013671875,0.08489888186752796,0.16453443637937307,0.07033053228361531
1783169476499593000,11.385593017578126,0.06762859811484813,0.12544541178941726,0.06737710757181048
1783169476509542000,11.3955419921875,0.06265314778983593,0.09916296954154968,0.026408826840203254
1783169476519491000,11.405490966796876,0.0416664738625288,0.03915127617120743,-0.022800755878258496
1783169476529440000,11.41543994140625,-0.013007365611195563,-0.015020166738331318,-0.045247565486002714
1783169476539419000,11.4254189453125,-0.03957739262878895,-0.056444064016640184,-0.07612727239625527
1783169476549367800,11.435367919921875,-0.04951251118779182,-0.10167670592814683,-0.09955023355977609
1783169476559316000,11.44531591796875,-0.033631051445007325,-0.11915069555938243,-0.11175210974067448
1783169476569265000,11.455264892578125,-0.09200491448044776,-0.13776304157078265,-0.1252196402095258
1783169476579243800,11.465243896484376,-0.11553484314978121,-0.17237813561707735,-0.14785512252347544
1783169476589193000,11.47519287109375,-0.11061959857940673,-0.15017039546221495,-0.17422142539620397
1783169476599142100,11.48514208984375,-0.13432488381564617,-0.13738076425492762,-0.2029391319669783
1783169476609120800,11.495120849609375,-0.10877601653933525,-0.13420681039392948,-0.21556202830523252
1783169476619070000,11.505070068359375,-0.08085983560979366,-0.11094254692345858,-0.19421369972499086
1783169476629019100,11.51501904296875,-0.0630593905031681,-0.07972995479702949,-0.18957725382968782
1783169476638967000,11.524967041015625,-0.04023848688602447,-0.07879881142675876,-0.1761037320114672
1783169476648947000,11.534947021484374,-0.03259001795947552,-0.03813333130031824,-0.16719695185320452
1783169476658895000,11.54489501953125,-0.03044014644920826,0.04354804982542992,-0.13765154402032495
1783169476668844000,11.554843994140626,-0.007267945176362991,0.0721744248509407,-0.12058043610155582
1783169476678793000,11.56479296875,-0.04010346232950687,0.059947395962476724,-0.08494301327019929
1783169476688771800,11.574771728515625,-0.05468202278017997,0.05553659378290176,-0.03602802958413958
1783169476698721000,11.584720947265625,-0.01249473991394043,0.08924392533451318,0.013512958779465406
1783169476708669000,11.5946689453125,0.0008814590096473693,0.13561667719185352,0.06253785084709525
1783169476718648800,11.60464892578125,-0.011052139890193938,0.1386678814560175,0.07507906025126576
1783169476728597000,11.614596923828126,0.021235680252313614,0.12151742469072341,0.04543664005100727
1783169476738546000,11.6245458984375,0.08152560604214668,0.13070581653565166,0.02248303169859573
1783169476748494800,11.634494873046876,0.10825170040428637,0.1405143861055374,-0.010319149440526962
1783169476758474000,11.644473876953125,0.0704705435425043,0.1361295951500535,-0.07069662564964965
1783169476768423000,11.6544228515625,0.1285240885823965,0.07345540457218885,-0.08447029945822432
1783169476778372000,11.6643720703125,0.2144540670633316,0.08292962762117385,-0.048087008429318664
1783169476788320000,11.674320068359375,0.21977380078136918,0.11311667609214782,-0.03577800034582615
1783169476798300000,11.6842998046875,0.15165654236674309,0.07768471270501613,-0.0649650779940188
1783169476808248000,11.694248046875,0.028971827462315556,0.007469312967360019,-0.08980055457027629
1783169476818197000,11.704197021484376,0.13333645730018615,-0.009718260937929152,-0.18856429566117003
1783169476828176100,11.714176025390625,0.24407646738886832,0.08545417766273021,-0.11632935452833772
1783169476838125000,11.724125,0.20133681133687495,0.16419336785674093,0.04574059143364429
1783169476848074000,11.734073974609375,0.46309038971364497,0.15327917513251305,0.1089762152865529
1783169476858022000,11.74402197265625,0.6691624128788709,0.2081102509945631,0.43904286691099403
1783169476868002000,11.754001953125,-0.1744341913640499,0.113004447889328,0.25454466991126534
1783169476877950000,11.763949951171876,-0.19977613789141177,0.058949617096781724,-0.08086659414414316
1783169476887899000,11.77389892578125,-0.159616561460495,0.11096738910377026,-0.025960991741158068
1783169476897847800,11.783847900390626,-0.21069559131264684,0.1029828200906515,-0.032926994828879834
1783169476907827000,11.793826904296875,-0.17213702033758163,-0.04060381306707859,-0.11596095960736275
