time,seconds_elapsed,z,y,x
1783169678033070600,0.093070556640625,-0.7423095703125,-0.483184814453125,0.1086273193359375
1783169678043019500,0.10301953125,-0.7694549560546875,-0.4876251220703125,0.0971527099609375
1783169678052968400,0.112968505859375,-0.790008544921875,-0.4939117431640625,0.0903778076171875
1783169678062947600,0.122947509765625,-0.8008575439453125,-0.4972381591796875,0.0857696533203125
1783169678072896500,0.132896484375,-0.8112945556640625,-0.4930877685546875,0.0847015380859375
1783169678082844400,0.142844482421875,-0.8247528076171875,-0.4837493896484375,0.0898590087890625
1783169678092824600,0.152824462890625,-0.8267669677734375,-0.479736328125,0.095733642578125
1783169678102772500,0.1627724609375,-0.8228607177734375,-0.48541259765625,0.096954345703125
1783169678112721400,0.172721435546875,-0.8262481689453125,-0.4959716796875,0.1002197265625
1783169678122670300,0.18267041015625,-0.8288116455078125,-0.50994873046875,0.104217529296875
1783169678132649500,0.1926494140625,-0.8214263916015625,-0.520599365234375,0.103729248046875
1783169678142598400,0.202598388671875,-0.8203582763671875,-0.5298919677734375,0.101470947265625
1783169678152547300,0.21254736328125,-0.828216552734375,-0.5420074462890625,0.093658447265625
1783169678162526500,0.2225263671875,-0.82452392578125,-0.5474395751953125,0.0868377685546875
1783169678172475600,0.2324755859375,-0.8179931640625,-0.544036865234375,0.0818328857421875
1783169678182423600,0.242423583984375,-0.81640625,-0.543853759765625,0.081939697265625
1783169678192372500,0.25237255859375,-0.81695556640625,-0.554443359375,0.0914459228515625
1783169678202351600,0.2623515625,-0.8243255615234375,-0.5688018798828125,0.1038665771484375
1783169678212300500,0.272300537109375,-0.832733154296875,-0.5790557861328125,0.11566162109375
1783169678222249500,0.28224951171875,-0.838775634765625,-0.5824127197265625,0.12298583984375
1783169678232228600,0.292228515625,-0.8496246337890625,-0.5790557861328125,0.12322998046875
1783169678242177500,0.302177490234375,-0.8774871826171875,-0.573211669921875,0.1230926513671875
1783169678252125400,0.31212548828125,-0.91229248046875,-0.56866455078125,0.11871337890625
1783169678262074400,0.322074462890625,-0.938385009765625,-0.5632476806640625,0.1134490966796875
1783169678272053500,0.332053466796875,-0.9683074951171875,-0.5604705810546875,0.10321044921875
1783169678282002400,0.34200244140625,-0.98388671875,-0.558441162109375,0.087860107421875
1783169678291951400,0.351951416015625,-0.9876251220703125,-0.5513153076171875,0.077484130859375
1783169678301930500,0.361930419921875,-0.990447998046875,-0.54656982421875,0.069000244140625
1783169678311879400,0.37187939453125,-0.9930572509765625,-0.552764892578125,0.062408447265625
1783169678321828400,0.381828369140625,-0.9730377197265625,-0.578704833984375,0.0664215087890625
1783169678331818000,0.39181787109375,-0.9400177001953125,-0.6138153076171875,0.0867767333984375
1783169678341798000,0.4017978515625,-0.944427490234375,-0.6261444091796875,0.1076812744140625
1783169678351745800,0.411745849609375,-0.96490478515625,-0.616424560546875,0.1100311279296875
1783169678361694700,0.42169482421875,-0.966949462890625,-0.608673095703125,0.1010894775390625
1783169678371673900,0.431673828125,-0.9798736572265625,-0.6083221435546875,0.0921783447265625
1783169678381622800,0.441622802734375,-1.0255279541015625,-0.5919189453125,0.074951171875
1783169678391571700,0.45157177734375,-1.0603790283203125,-0.5583343505859375,0.0463714599609375
1783169678401550800,0.46155078125,-1.066741943359375,-0.5244598388671875,0.008544921875
1783169678411499800,0.471499755859375,-1.0446929931640625,-0.5019989013671875,-0.029022216796875
1783169678421447700,0.48144775390625,-1.011505126953125,-0.476287841796875,-0.0453948974609375
1783169678431396900,0.49139697265625,-0.995941162109375,-0.4477996826171875,-0.053558349609375
1783169678441376000,0.5013759765625,-0.97869873046875,-0.4263458251953125,-0.0567474365234375
1783169678451325000,0.511324951171875,-0.9682769775390625,-0.416290283203125,-0.0521240234375
1783169678461273900,0.52127392578125,-0.9512939453125,-0.4222412109375,-0.0460205078125
1783169678471253000,0.5312529296875,-0.9195098876953125,-0.431121826171875,-0.0413055419921875
1783169678481202000,0.541201904296875,-0.899261474609375,-0.428375244140625,-0.0386962890625
1783169678491150800,0.55115087890625,-0.9016876220703125,-0.4125213623046875,-0.035125732421875
1783169678501098800,0.5610986328125,-0.887542724609375,-0.4008331298828125,-0.0425872802734375
1783169678511079000,0.571078857421875,-0.846771240234375,-0.3916473388671875,-0.0529632568359375
1783169678521026800,0.58102685546875,-0.8260040283203125,-0.3789215087890625,-0.05523681640625
1783169678530975700,0.590975830078125,-0.824920654296875,-0.3752593994140625,-0.0555419921875
1783169678540955000,0.600954833984375,-0.8087921142578125,-0.3878173828125,-0.0464630126953125
1783169678550903800,0.61090380859375,-0.78533935546875,-0.403961181640625,-0.026580810546875
1783169678560852700,0.620852783203125,-0.7694244384765625,-0.4167633056640625,-0.0013580322265625
1783169678570801700,0.6308017578125,-0.7615814208984375,-0.4302978515625,0.01275634765625
1783169678580780800,0.64078076171875,-0.7527313232421875,-0.4467315673828125,0.015472412109375
1783169678590728700,0.650728759765625,-0.73919677734375,-0.4619140625,0.0101470947265625
1783169678600678000,0.660677978515625,-0.732818603515625,-0.475006103515625,0.002655029296875
1783169678610656800,0.67065673828125,-0.737579345703125,-0.4837799072265625,-0.0037078857421875
1783169678620606000,0.68060595703125,-0.7324066162109375,-0.485321044921875,-0.01251220703125
1783169678630555000,0.690554931640625,-0.7189788818359375,-0.4831695556640625,-0.019622802734375
1783169678640503800,0.70050390625,-0.7242584228515625,-0.482452392578125,-0.0279083251953125
1783169678650483000,0.71048291015625,-0.7284088134765625,-0.4864501953125,-0.03466796875
1783169678660432000,0.720431884765625,-0.730621337890625,-0.4913177490234375,-0.0351409912109375
1783169678670379800,0.7303798828125,-0.734710693359375,-0.5020904541015625,-0.03350830078125
1783169678680360000,0.74035986328125,-0.7281341552734375,-0.5181884765625,-0.0325469970703125
1783169678690307800,0.750307861328125,-0.72021484375,-0.532318115234375,-0.03118896484375
1783169678700256800,0.7602568359375,-0.7126617431640625,-0.544342041015625,-0.0383453369140625
1783169678710205700,0.770205810546875,-0.7043914794921875,-0.55096435546875,-0.04534912109375
1783169678720184800,0.780184814453125,-0.704193115234375,-0.553955078125,-0.0507049560546875
1783169678730133800,0.7901337890625,-0.7033233642578125,-0.558807373046875,-0.0560302734375
1783169678740082700,0.800082763671875,-0.70855712890625,-0.562255859375,-0.0573577880859375
1783169678750061800,0.810061767578125,-0.7377777099609375,-0.5699310302734375,-0.0568695068359375
1783169678760011000,0.820010986328125,-0.7671051025390625,-0.58221435546875,-0.06011962890625
1783169678769958700,0.829958740234375,-0.782073974609375,-0.5904083251953125,-0.0620880126953125
1783169678779907800,0.839907958984375,-0.792877197265625,-0.5907745361328125,-0.066192626953125
1783169678789887000,0.849886962890625,-0.7926025390625,-0.581695556640625,-0.0625762939453125
1783169678799836000,0.8598359375,-0.792449951171875,-0.5733184814453125,-0.046600341796875
1783169678809784800,0.869784912109375,-0.802734375,-0.5814208984375,-0.0285186767578125
1783169678819764000,0.879763916015625,-0.8170013427734375,-0.605682373046875,-0.0104827880859375
1783169678829713000,0.889712890625,-0.8278350830078125,-0.629241943359375,0.00701904296875
1783169678839660800,0.899660888671875,-0.8406524658203125,-0.6444091796875,0.02239990234375
1783169678849641000,0.909640869140625,-0.8497314453125,-0.651458740234375,0.0386962890625
1783169678859588900,0.9195888671875,-0.85986328125,-0.651611328125,0.044708251953125
1783169678869537800,0.929537841796875,-0.8763427734375,-0.64227294921875,0.039825439453125
1783169678879486700,0.93948681640625,-0.892333984375,-0.62335205078125,0.0311737060546875
1783169678889465900,0.9494658203125,-0.8988800048828125,-0.6019744873046875,0.0242462158203125
1783169678899414800,0.959414794921875,-0.907012939453125,-0.58447265625,0.0204315185546875
1783169678909363700,0.96936376953125,-0.8948516845703125,-0.5831451416015625,0.0242156982421875
1783169678919342800,0.9793427734375,-0.88189697265625,-0.5993194580078125,0.0536041259765625
1783169678929292000,0.9892919921875,-0.9153900146484375,-0.619232177734375,0.0886993408203125
1783169678939239700,0.99923974609375,-0.97723388671875,-0.6328277587890625,0.1140594482421875
1783169678949188900,1.00918896484375,-1.039825439453125,-0.6422271728515625,0.1206512451171875
1783169678959168000,1.01916796875,-1.0703887939453125,-0.63311767578125,0.1087188720703125
1783169678969117000,1.029116943359375,-1.087432861328125,-0.596527099609375,0.086151123046875
1783169678979065900,1.03906591796875,-1.1024932861328125,-0.5439453125,0.054229736328125
1783169678989045000,1.049044921875,-1.087188720703125,-0.48797607421875,0.03009033203125
1783169678998994000,1.058993896484375,-1.056671142578125,-0.4319305419921875,0.016876220703125
1783169679008941800,1.06894189453125,-1.018310546875,-0.385833740234375,0.008148193359375
1783169679018890800,1.078890869140625,-0.9774322509765625,-0.3585357666015625,0.0154266357421875
1783169679028870000,1.088869873046875,-0.94964599609375,-0.3621673583984375,0.0428314208984375
1783169679038818800,1.09881884765625,-0.9225921630859375,-0.3935394287109375,0.0775299072265625
1783169679048767700,1.108767822265625,-0.8803863525390625,-0.4317474365234375,0.1138763427734375
1783169679058747000,1.118746826171875,-0.84564208984375,-0.45849609375,0.14727783203125
1783169679068695800,1.12869580078125,-0.8360443115234375,-0.47454833984375,0.1659698486328125
1783169679078644700,1.138644775390625,-0.8392333984375,-0.493011474609375,0.1719207763671875
1783169679088592600,1.148592529296875,-0.838409423828125,-0.5088958740234375,0.1679229736328125
1783169679098573000,1.158572998046875,-0.8416900634765625,-0.514495849609375,0.1504669189453125
1783169679108520700,1.168520751953125,-0.853790283203125,-0.5101165771484375,0.125335693359375
1783169679118470000,1.178469970703125,-0.8653717041015625,-0.5005035400390625,0.103424072265625
1783169679128449000,1.188448974609375,-0.86297607421875,-0.48736572265625,0.091033935546875
1783169679138398000,1.19839794921875,-0.845977783203125,-0.4738006591796875,0.0882415771484375
1783169679148347000,1.208346923828125,-0.8248138427734375,-0.4645233154296875,0.0913238525390625
1783169679158295000,1.218294921875,-0.8013153076171875,-0.45770263671875,0.100494384765625
1783169679168275000,1.22827490234375,-0.7827606201171875,-0.454864501953125,0.113433837890625
1783169679178222800,1.238222900390625,-0.767486572265625,-0.456787109375,0.122406005859375
1783169679188171800,1.248171875,-0.748504638671875,-0.4560699462890625,0.130096435546875
1783169679198151000,1.25815087890625,-0.73748779296875,-0.4561920166015625,0.1396026611328125
1783169679208099800,1.268099853515625,-0.7347869873046875,-0.461883544921875,0.1489715576171875
1783169679218048800,1.278048828125,-0.72900390625,-0.4628143310546875,0.1560211181640625
1783169679227997700,1.287997802734375,-0.729095458984375,-0.4596099853515625,0.154815673828125
1783169679237976800,1.297976806640625,-0.72918701171875,-0.4571990966796875,0.148895263671875
1783169679247925800,1.30792578125,-0.7221221923828125,-0.4542236328125,0.14404296875
1783169679257873700,1.317873779296875,-0.718505859375,-0.4538421630859375,0.133514404296875
1783169679267853800,1.327853759765625,-0.71795654296875,-0.4569549560546875,0.121063232421875
1783169679277801700,1.3378017578125,-0.718414306640625,-0.465911865234375,0.1135711669921875
1783169679287751000,1.3477509765625,-0.7180633544921875,-0.481964111328125,0.1073150634765625
1783169679297699800,1.357699951171875,-0.72125244140625,-0.49908447265625,0.0986480712890625
1783169679307679000,1.367678955078125,-0.7189483642578125,-0.505584716796875,0.0897979736328125
1783169679317628000,1.3776279296875,-0.7103729248046875,-0.505828857421875,0.0850372314453125
1783169679327595500,1.387595458984375,-0.71630859375,-0.5098724365234375,0.0855255126953125
1783169679337575400,1.397575439453125,-0.7315826416015625,-0.5217437744140625,0.0884246826171875
1783169679347523300,1.4075234375,-0.7510986328125,-0.53826904296875,0.0883941650390625
1783169679357472500,1.417472412109375,-0.76531982421875,-0.5450592041015625,0.083648681640625
1783169679367421400,1.42742138671875,-0.7697601318359375,-0.540130615234375,0.0761260986328125
1783169679377400300,1.437400390625,-0.766876220703125,-0.52947998046875,0.0711822509765625
1783169679387349200,1.447349365234375,-0.7633056640625,-0.5200653076171875,0.071624755859375
1783169679397298700,1.457298583984375,-0.7649688720703125,-0.5168609619140625,0.0720672607421875
1783169679407277600,1.467277587890625,-0.768035888671875,-0.5210418701171875,0.07080078125
1783169679417226500,1.4772265625,-0.766143798828125,-0.5309600830078125,0.0713043212890625
1783169679427174700,1.487174560546875,-0.7610015869140625,-0.538421630859375,0.0762176513671875
1783169679437154600,1.497154541015625,-0.7647552490234375,-0.5410003662109375,0.0806884765625
1783169679447102500,1.5071025390625,-0.7714080810546875,-0.5513916015625,0.0811309814453125
1783169679457051400,1.517051513671875,-0.779815673828125,-0.56353759765625,0.084686279296875
1783169679467000600,1.52700048828125,-0.7886810302734375,-0.570037841796875,0.0888671875
1783169679476979500,1.5369794921875,-0.8006134033203125,-0.5731964111328125,0.0847320556640625
1783169679486928400,1.546928466796875,-0.823944091796875,-0.5784149169921875,0.0708160400390625
1783169679496876500,1.55687646484375,-0.8514862060546875,-0.5883331298828125,0.057647705078125
1783169679506856400,1.5668564453125,-0.87615966796875,-0.596343994140625,0.03955078125
1783169679516804400,1.576804443359375,-0.901214599609375,-0.5966644287109375,0.01849365234375
1783169679526753500,1.58675341796875,-0.91632080078125,-0.5869903564453125,-0.00567626953125
1783169679536702500,1.596702392578125,-0.92022705078125,-0.5722503662109375,-0.027984619140625
1783169679546681300,1.606681396484375,-0.9124908447265625,-0.56121826171875,-0.0471649169921875
1783169679556630300,1.61663037109375,-0.8968353271484375,-0.5544281005859375,-0.05975341796875
1783169679566579500,1.626579345703125,-0.874053955078125,-0.5521697998046875,-0.0675811767578125
1783169679576558600,1.63655859375,-0.8383636474609375,-0.5626373291015625,-0.063934326171875
1783169679586507500,1.646507568359375,-0.800384521484375,-0.5922393798828125,-0.0461578369140625
1783169679596455700,1.65645556640625,-0.7838897705078125,-0.6223602294921875,-0.0215606689453125
1783169679606404600,1.666404541015625,-0.80426025390625,-0.646728515625,0.0001983642578125
1783169679616383500,1.676383544921875,-0.850555419921875,-0.6645965576171875,0.004486083984375
1783169679626332400,1.68633251953125,-0.894073486328125,-0.6683502197265625,-0.0155487060546875
1783169679636281600,1.696281494140625,-0.9554595947265625,-0.6499786376953125,-0.0528411865234375
1783169679646260500,1.706260498046875,-1.0373687744140625,-0.6186676025390625,-0.1053466796875
1783169679656209400,1.71620947265625,-1.08154296875,-0.5766143798828125,-0.16351318359375
1783169679666157600,1.726157470703125,-1.082977294921875,-0.523406982421875,-0.2156829833984375
1783169679676106500,1.7361064453125,-1.0651092529296875,-0.465545654296875,-0.25445556640625
1783169679686085400,1.74608544921875,-1.0365447998046875,-0.41119384765625,-0.2799835205078125
1783169679696034300,1.756034423828125,-1.0233306884765625,-0.3731231689453125,-0.2889862060546875
1783169679705983500,1.7659833984375,-1.0374603271484375,-0.3635101318359375,-0.2778472900390625
1783169679715962400,1.77596240234375,-1.0480194091796875,-0.3828125,-0.254364013671875
1783169679725911300,1.785911376953125,-1.0366363525390625,-0.4025421142578125,-0.2280120849609375
1783169679735860500,1.795860595703125,-1.0182647705078125,-0.399078369140625,-0.205291748046875
1783169679745808400,1.805808349609375,-1.0025787353515625,-0.384368896484375,-0.194580078125
1783169679755788500,1.81578857421875,-0.970550537109375,-0.3685150146484375,-0.1924896240234375
1783169679765736700,1.82573681640625,-0.9343719482421875,-0.3598480224609375,-0.191131591796875
1783169679775685600,1.835685546875,-0.9109649658203125,-0.3618927001953125,-0.1842803955078125
1783169679785664500,1.84566455078125,-0.8943328857421875,-0.371856689453125,-0.1818389892578125
1783169679795613400,1.855613525390625,-0.8669891357421875,-0.3847808837890625,-0.177154541015625
1783169679805562600,1.865562744140625,-0.8346099853515625,-0.395965576171875,-0.1650848388671875
1783169679815510500,1.875510498046875,-0.8118896484375,-0.41070556640625,-0.15057373046875
1783169679825490400,1.885490478515625,-0.79730224609375,-0.425872802734375,-0.1370849609375
1783169679835438600,1.8954384765625,-0.78741455078125,-0.4420166015625,-0.125946044921875
1783169679845387500,1.905387451171875,-0.7741851806640625,-0.4551239013671875,-0.1180419921875
1783169679855366400,1.915366455078125,-0.75811767578125,-0.4608154296875,-0.1086578369140625
1783169679865315300,1.9253154296875,-0.748504638671875,-0.4594573974609375,-0.1025390625
1783169679875264500,1.935264404296875,-0.7536468505859375,-0.45538330078125,-0.104766845703125
1783169679885213400,1.94521337890625,-0.77099609375,-0.45440673828125,-0.1122894287109375
1783169679895192300,1.9551923828125,-0.7769622802734375,-0.4593963623046875,-0.1183013916015625
1783169679905141500,1.9651416015625,-0.7773590087890625,-0.4663848876953125,-0.1188201904296875
1783169679915089400,1.97508935546875,-0.78033447265625,-0.47210693359375,-0.116912841796875
1783169679925069600,1.985069580078125,-0.778167724609375,-0.4803924560546875,-0.1177978515625
1783169679935017500,1.995017578125,-0.7701263427734375,-0.4911651611328125,-0.119720458984375
1783169679944966700,2.004966552734375,-0.761962890625,-0.5058441162109375,-0.1194000244140625
1783169679954945500,2.014945556640625,-0.764373779296875,-0.5228118896484375,-0.1181182861328125
1783169679964894500,2.02489453125,-0.77008056640625,-0.5362701416015625,-0.1188507080078125
1783169679974843400,2.034843505859375,-0.7730865478515625,-0.5442657470703125,-0.1239776611328125
1783169679984791600,2.04479150390625,-0.7681732177734375,-0.547027587890625,-0.1343536376953125
1783169679994771500,2.054771484375,-0.7634429931640625,-0.5485992431640625,-0.134307861328125
1783169680004719600,2.0647197265625,-0.7628936767578125,-0.557769775390625,-0.1315155029296875
1783169680014668500,2.07466845703125,-0.7527008056640625,-0.56964111328125,-0.13140869140625
1783169680024647400,2.0846474609375,-0.759429931640625,-0.5782012939453125,-0.11737060546875
1783169680034596400,2.094596435546875,-0.7837677001953125,-0.593475341796875,-0.1090850830078125
1783169680044545500,2.104545654296875,-0.789947509765625,-0.603179931640625,-0.1111907958984375
1783169680054494500,2.114494384765625,-0.785552978515625,-0.596710205078125,-0.1129608154296875
1783169680064473300,2.124473388671875,-0.792724609375,-0.5937347412109375,-0.1082763671875
1783169680074422300,2.13442236328125,-0.8126373291015625,-0.6022186279296875,-0.0992889404296875
1783169680084370400,2.144370361328125,-0.8308563232421875,-0.6168060302734375,-0.085205078125
1783169680094350600,2.1543505859375,-0.8388671875,-0.6275634765625,-0.0664825439453125
1783169680104298500,2.164298583984375,-0.842041015625,-0.6281280517578125,-0.0470123291015625
1783169680114247700,2.17424755859375,-0.847076416015625,-0.622161865234375,-0.028961181640625
1783169680124196600,2.184196533203125,-0.85308837890625,-0.617828369140625,-0.0142974853515625
1783169680134175500,2.194175537109375,-0.857208251953125,-0.612884521484375,-0.0052947998046875
1783169680144124400,2.20412451171875,-0.8623046875,-0.60382080078125,-0.000946044921875
1783169680154072600,2.214072509765625,-0.880889892578125,-0.592041015625,0.0048828125
1783169680164052500,2.224052490234375,-0.9063720703125,-0.5771636962890625,0.01141357421875
1783169680174000400,2.23400048828125,-0.92193603515625,-0.559173583984375,0.01959228515625
1783169680183949600,2.243949462890625,-0.9339447021484375,-0.5451507568359375,0.0294189453125
1783169680193898500,2.2538984375,-0.9347686767578125,-0.533447265625,0.0399017333984375
1783169680203877400,2.26387744140625,-0.902679443359375,-0.5331878662109375,0.059722900390625
1783169680213826300,2.273826416015625,-0.8475189208984375,-0.553192138671875,0.102783203125
1783169680223775500,2.283775390625,-0.8227386474609375,-0.585113525390625,0.16033935546875
1783169680233754400,2.29375439453125,-0.832855224609375,-0.6029205322265625,0.2034454345703125
1783169680243703300,2.303703369140625,-0.8661041259765625,-0.6021575927734375,0.212158203125
1783169680253651500,2.3136513671875,-0.932464599609375,-0.5947723388671875,0.19256591796875
1783169680263600600,2.3236005859375,-1.0073089599609375,-0.5752716064453125,0.160919189453125
1783169680273579300,2.333579345703125,-1.0474700927734375,-0.536346435546875,0.1249237060546875
1783169680283528400,2.343528564453125,-1.02294921875,-0.480133056640625,0.0927581787109375
1783169680293477600,2.3534775390625,-0.9695281982421875,-0.41363525390625,0.05706787109375
1783169680303456500,2.36345654296875,-0.9163360595703125,-0.351470947265625,0.0242462158203125
1783169680313405400,2.373405517578125,-0.86004638671875,-0.3188934326171875,0.013580322265625
1783169680323353600,2.383353515625,-0.813201904296875,-0.331939697265625,0.0286102294921875
1783169680333322200,2.393322265625,-0.78631591796875,-0.3771209716796875,0.0646820068359375
1783169680343301400,2.40330126953125,-0.777679443359375,-0.4208526611328125,0.114593505859375
1783169680353250300,2.413250244140625,-0.7823028564453125,-0.4562225341796875,0.1671600341796875
1783169680363199200,2.42319921875,-0.7964630126953125,-0.4866790771484375,0.1959381103515625
1783169680373178400,2.433178466796875,-0.80426025390625,-0.5016021728515625,0.2037200927734375
1783169680383127300,2.443127197265625,-0.8002471923828125,-0.4976654052734375,0.1973724365234375
1783169680393076200,2.453076171875,-0.8020477294921875,-0.48577880859375,0.174652099609375
1783169680403024100,2.463024169921875,-0.8215179443359375,-0.4685211181640625,0.139068603515625
1783169680413004000,2.473004150390625,-0.8388671875,-0.4515380859375,0.0989227294921875
1783169680422952200,2.4829521484375,-0.84417724609375,-0.4393157958984375,0.0702972412109375
1783169680432901000,2.492901123046875,-0.846649169921875,-0.4347381591796875,0.059051513671875
1783169680442880300,2.50288037109375,-0.847198486328125,-0.4344329833984375,0.05902099609375
1783169680452829200,2.5128291015625,-0.8385162353515625,-0.432891845703125,0.0643310546875
1783169680462778400,2.5227783203125,-0.817352294921875,-0.4297332763671875,0.0697174072265625
1783169680472727300,2.532727294921875,-0.790283203125,-0.429229736328125,0.072784423828125
1783169680482706400,2.54270654296875,-0.7688140869140625,-0.4322357177734375,0.0786590576171875
1783169680492654300,2.552654296875,-0.75836181640625,-0.4412841796875,0.0847320556640625
1783169680502603300,2.562603271484375,-0.7508087158203125,-0.4492340087890625,0.090850830078125
1783169680512582400,2.57258251953125,-0.733673095703125,-0.448638916015625,0.09600830078125
1783169680522531300,2.58253125,-0.7186126708984375,-0.4414215087890625,0.0980987548828125
1783169680532480300,2.592480224609375,-0.71795654296875,-0.4368743896484375,0.0950164794921875
1783169680542459100,2.602459228515625,-0.7218017578125,-0.4416046142578125,0.08941650390625
1783169680552408300,2.612408203125,-0.727264404296875,-0.45294189453125,0.08685302734375
1783169680562357200,2.622357177734375,-0.7362213134765625,-0.4622039794921875,0.0872955322265625
1783169680572305200,2.63230517578125,-0.749603271484375,-0.466827392578125,0.0819244384765625
1783169680582285000,2.64228515625,-0.7545013427734375,-0.4671478271484375,0.0698699951171875
1783169680592233200,2.652233154296875,-0.75762939453125,-0.4642486572265625,0.064361572265625
1783169680602182100,2.66218212890625,-0.762847900390625,-0.46221923828125,0.0614776611328125
1783169680612161300,2.672161376953125,-0.7743377685546875,-0.4642333984375,0.0588531494140625
1783169680622110200,2.682110107421875,-0.788238525390625,-0.469085693359375,0.0569610595703125
1783169680632059400,2.692059326171875,-0.785247802734375,-0.4712677001953125,0.051727294921875
1783169680642008300,2.70200830078125,-0.7804107666015625,-0.470611572265625,0.05059814453125
1783169680651987200,2.7119873046875,-0.7881011962890625,-0.472930908203125,0.04840087890625
1783169680661935400,2.721935302734375,-0.79534912109375,-0.4828338623046875,0.051513671875
1783169680671884300,2.73188427734375,-0.7986907958984375,-0.494781494140625,0.0528411865234375
1783169680681863400,2.741863525390625,-0.80828857421875,-0.5044708251953125,0.0551910400390625
1783169680691812400,2.751812255859375,-0.82061767578125,-0.5149688720703125,0.058441162109375
1783169680701761300,2.76176123046875,-0.825927734375,-0.524871826171875,0.0651702880859375
1783169680711710200,2.771710205078125,-0.8319854736328125,-0.53143310546875,0.0757598876953125
1783169680721689300,2.781689453125,-0.851348876953125,-0.5426177978515625,0.078704833984375
1783169680731638300,2.79163818359375,-0.871795654296875,-0.557403564453125,0.0787811279296875
1783169680741586200,2.801586181640625,-0.8882293701171875,-0.568634033203125,0.0740509033203125
1783169680751566000,2.811566162109375,-0.9038543701171875,-0.56976318359375,0.0597076416015625
1783169680761514200,2.82151416015625,-0.9214019775390625,-0.5643310546875,0.0407562255859375
1783169680771463200,2.831463134765625,-0.9495697021484375,-0.5588836669921875,0.0181884765625
1783169680781412000,2.841412109375,-0.974945068359375,-0.5516357421875,-0.0048370361328125
1783169680791391200,2.85139111328125,-0.9787445068359375,-0.5421905517578125,-0.024017333984375
1783169680801340400,2.86134033203125,-0.9834747314453125,-0.5323333740234375,-0.0392303466796875
1783169680811289300,2.871289306640625,-0.994781494140625,-0.52362060546875,-0.053070068359375
1783169680821268200,2.881268310546875,-0.9942779541015625,-0.519012451171875,-0.0649566650390625
1783169680831216400,2.89121630859375,-0.9796905517578125,-0.51666259765625,-0.07257080078125
1783169680841165300,2.901165283203125,-0.9478302001953125,-0.52264404296875,-0.072906494140625
1783169680851114200,2.9111142578125,-0.901947021484375,-0.5516357421875,-0.0507659912109375
1783169680861093400,2.92109326171875,-0.8942718505859375,-0.5792694091796875,-0.0213165283203125
1783169680871042300,2.931042236328125,-0.9279937744140625,-0.586517333984375,-0.0131683349609375
1783169680880991200,2.9409912109375,-0.9334716796875,-0.592803955078125,-0.016357421875
1783169680890970000,2.95097021484375,-0.931427001953125,-0.6083831787109375,-0.013641357421875
1783169680900919300,2.960919189453125,-0.953338623046875,-0.610504150390625,-0.0215301513671875
1783169680910867200,2.9708671875,-1.0026397705078125,-0.5764923095703125,-0.0587005615234375
1783169680920816000,2.980816162109375,-1.0328369140625,-0.5281524658203125,-0.115020751953125
1783169680930795300,2.990795166015625,-1.0121002197265625,-0.470245361328125,-0.1724853515625
1783169680940744200,3.000744140625,-0.9689788818359375,-0.4017333984375,-0.2132720947265625
1783169680950693000,3.010693115234375,-0.9304962158203125,-0.3536376953125,-0.23773193359375
1783169680960672300,3.02067236328125,-0.92279052734375,-0.3454132080078125,-0.24798583984375
1783169680970621200,3.03062109375,-0.9326934814453125,-0.3638916015625,-0.240478515625
1783169680980570400,3.0405703125,-0.9476470947265625,-0.38818359375,-0.226287841796875
1783169680990518300,3.050518310546875,-0.9424896240234375,-0.4015655517578125,-0.2127532958984375
1783169681000497400,3.060497314453125,-0.9288177490234375,-0.39056396484375,-0.19781494140625
1783169681010446300,3.0704462890625,-0.92889404296875,-0.370330810546875,-0.1871490478515625
1783169681020395300,3.080395263671875,-0.929443359375,-0.359771728515625,-0.1847686767578125
1783169681030374400,3.09037451171875,-0.927947998046875,-0.364044189453125,-0.190765380859375
1783169681040323300,3.1003232421875,-0.9225616455078125,-0.3726806640625,-0.198486328125
1783169681050272300,3.110272216796875,-0.9213714599609375,-0.3765716552734375,-0.2060546875
1783169681060220200,3.12022021484375,-0.9176788330078125,-0.38031005859375,-0.2107696533203125
1783169681070200300,3.130200439453125,-0.899688720703125,-0.38323974609375,-0.2069244384765625
1783169681080148200,3.140148193359375,-0.8776092529296875,-0.38665771484375,-0.1962738037109375
1783169681090097200,3.15009716796875,-0.8612060546875,-0.3921966552734375,-0.18756103515625
1783169681100076300,3.160076171875,-0.8490447998046875,-0.400482177734375,-0.179290771484375
1783169681110025200,3.170025146484375,-0.832366943359375,-0.410247802734375,-0.1701507568359375
1783169681119974100,3.17997412109375,-0.8111724853515625,-0.4213714599609375,-0.1624298095703125
1783169681129953000,3.189953125,-0.792388916015625,-0.428680419921875,-0.1522674560546875
1783169681139902200,3.199902099609375,-0.7769927978515625,-0.430816650390625,-0.1455230712890625
1783169681149851400,3.209851318359375,-0.7627716064453125,-0.431671142578125,-0.143096923828125
1783169681159799300,3.21979931640625,-0.7559967041015625,-0.4308319091796875,-0.140533447265625
1783169681169779200,3.229779296875,-0.7518463134765625,-0.430267333984375,-0.142181396484375
1783169681179727400,3.239727294921875,-0.7443084716796875,-0.4324951171875,-0.1454925537109375
1783169681189676300,3.24967626953125,-0.73876953125,-0.4350433349609375,-0.1483917236328125
1783169681199655200,3.2596552734375,-0.7392425537109375,-0.442840576171875,-0.156829833984375
1783169681209604400,3.269604248046875,-0.739837646484375,-0.45068359375,-0.1640472412109375
1783169681219553300,3.27955322265625,-0.740814208984375,-0.45916748046875,-0.1674957275390625
1783169681229501200,3.289501220703125,-0.7306060791015625,-0.4671478271484375,-0.1698455810546875
1783169681239481000,3.299481201171875,-0.726348876953125,-0.4695892333984375,-0.16461181640625
1783169681249429200,3.30942919921875,-0.7412109375,-0.4723663330078125,-0.158843994140625
1783169681259378200,3.319378173828125,-0.7543182373046875,-0.476776123046875,-0.1511993408203125
1783169681269357300,3.329357421875,-0.7564239501953125,-0.482025146484375,-0.1427459716796875
1783169681279306200,3.33930615234375,-0.769287109375,-0.4914398193359375,-0.13507080078125
1783169681289255200,3.349255126953125,-0.7880096435546875,-0.4951934814453125,-0.1267242431640625
1783169681299204000,3.3592041015625,-0.802032470703125,-0.4951934814453125,-0.1175537109375
1783169681309183200,3.369183349609375,-0.8150634765625,-0.4928741455078125,-0.1106414794921875
1783169681319132400,3.37913232421875,-0.828277587890625,-0.493072509765625,-0.1025238037109375
1783169681329109000,3.38910888671875,-0.8394775390625,-0.4933929443359375,-0.0885162353515625
1783169681339089000,3.3990888671875,-0.8507080078125,-0.4930419921875,-0.073944091796875
1783169681349037000,3.409037109375,-0.8631439208984375,-0.4965972900390625,-0.0585174560546875
1783169681358986000,3.418986083984375,-0.87890625,-0.508087158203125,-0.0440216064453125
1783169681368935000,3.428934814453125,-0.8979644775390625,-0.5208740234375,-0.032470703125
1783169681378913800,3.438913818359375,-0.9130096435546875,-0.5242462158203125,-0.022430419921875
1783169681388863000,3.448863037109375,-0.9390411376953125,-0.518768310546875,-0.0132293701171875
1783169681398811000,3.458810791015625,-0.9772186279296875,-0.50860595703125,-0.003082275390625
1783169681408790800,3.468790771484375,-1.01654052734375,-0.5021820068359375,-0.003875732421875
1783169681418739000,3.478739013671875,-1.03887939453125,-0.4994659423828125,-0.0157470703125
1783169681428688000,3.48868798828125,-1.0442657470703125,-0.493621826171875,-0.02398681640625
1783169681438636800,3.49863671875,-1.0244903564453125,-0.50189208984375,-0.0145111083984375
1783169681448615700,3.50861572265625,-1.000335693359375,-0.5379486083984375,0.020050048828125
1783169681458565000,3.518565185546875,-1.0149993896484375,-0.57281494140625,0.054656982421875
1783169681468514000,3.52851416015625,-1.0479736328125,-0.5916290283203125,0.0666351318359375
1783169681478493000,3.538492919921875,-1.0814971923828125,-0.591552734375,0.048126220703125
1783169681488441900,3.54844189453125,-1.141357421875,-0.570404052734375,0.0143890380859375
1783169681498390000,3.55839013671875,-1.2014617919921875,-0.533538818359375,-0.0234222412109375
1783169681508339000,3.5683388671875,-1.1934356689453125,-0.489959716796875,-0.063140869140625
1783169681518317800,3.57831787109375,-1.126861572265625,-0.4405059814453125,-0.09515380859375
1783169681528267000,3.58826708984375,-1.0446929931640625,-0.3848114013671875,-0.1138153076171875
1783169681538216000,3.5982158203125,-0.964111328125,-0.3386688232421875,-0.114227294921875
1783169681548194800,3.60819482421875,-0.8950347900390625,-0.3253936767578125,-0.0866546630859375
1783169681558143700,3.618143798828125,-0.85797119140625,-0.3474273681640625,-0.0389556884765625
1783169681568092000,3.628091796875,-0.8448944091796875,-0.380157470703125,0.0023956298828125
1783169681578040800,3.638040771484375,-0.8460845947265625,-0.4156951904296875,0.047882080078125
1783169681588020000,3.64802001953125,-0.8591156005859375,-0.4515228271484375,0.0952606201171875
1783169681597969000,3.657968994140625,-0.8682098388671875,-0.47406005859375,0.1241302490234375
1783169681607917800,3.667917724609375,-0.8645172119140625,-0.4804840087890625,0.132843017578125
1783169681617896700,3.677896728515625,-0.864013671875,-0.4724578857421875,0.128570556640625
1783169681627846000,3.687845947265625,-0.8724517822265625,-0.4497528076171875,0.1148834228515625
1783169681637795000,3.697795166015625,-0.888214111328125,-0.424713134765625,0.090301513671875
1783169681647774000,3.70777392578125,-0.8885498046875,-0.4051666259765625,0.0653228759765625
1783169681657723000,3.717722900390625,-0.8790435791015625,-0.3943023681640625,0.047760009765625
1783169681667671000,3.727671142578125,-0.870941162109375,-0.39215087890625,0.0380096435546875
1783169681677620000,3.737619873046875,-0.849884033203125,-0.398193359375,0.041748046875
1783169681687598800,3.747598876953125,-0.816436767578125,-0.41021728515625,0.051666259765625
1783169681697548000,3.757548095703125,-0.7864227294921875,-0.4208984375,0.063446044921875
1783169681707497000,3.7674970703125,-0.7698211669921875,-0.426727294921875,0.0731658935546875
1783169681717475800,3.777475830078125,-0.7543182373046875,-0.4336090087890625,0.0748748779296875
1783169681727424800,3.7874248046875,-0.7402191162109375,-0.4375457763671875,0.0688018798828125
1783169681737373000,3.797373046875,-0.72882080078125,-0.435577392578125,0.06298828125
1783169681747321900,3.80732177734375,-0.71917724609375,-0.4323883056640625,0.0555419921875
1783169681757300700,3.81730078125,-0.7195281982421875,-0.4290008544921875,0.0474395751953125
1783169681767250000,3.82725,-0.7223358154296875,-0.4267120361328125,0.0407867431640625
1783169681777198800,3.83719873046875,-0.7191619873046875,-0.427978515625,0.0322723388671875
1783169681787177700,3.847177734375,-0.7088470458984375,-0.4336395263671875,0.0274810791015625
1783169681797127000,3.857126953125,-0.7063446044921875,-0.4384613037109375,0.0339202880859375
1783169681807076000,3.867076171875,-0.7136383056640625,-0.4522552490234375,0.0404052734375
1783169681817024000,3.87702392578125,-0.7219085693359375,-0.469207763671875,0.0441131591796875
1783169681827004000,3.88700390625,-0.7330169677734375,-0.481536865234375,0.0423431396484375
1783169681836952000,3.8969521484375,-0.745574951171875,-0.4914703369140625,0.0403594970703125
1783169681846901000,3.90690087890625,-0.751068115234375,-0.4981842041015625,0.0448150634765625
1783169681856879900,3.9168798828125,-0.756744384765625,-0.4973602294921875,0.052093505859375
1783169681866828800,3.926828857421875,-0.77447509765625,-0.496490478515625,0.0562286376953125
1783169681876778000,3.936778076171875,-0.7935791015625,-0.5014190673828125,0.058502197265625
1783169681886726000,3.946725830078125,-0.8072967529296875,-0.5081634521484375,0.061859130859375
1783169681896705800,3.956705810546875,-0.8290252685546875,-0.510406494140625,0.0619659423828125
1783169681906654000,3.966654052734375,-0.8458251953125,-0.508514404296875,0.0571746826171875
1783169681916603000,3.976602783203125,-0.8509063720703125,-0.5048980712890625,0.0527496337890625
1783169681926581800,3.986581787109375,-0.8558349609375,-0.502197265625,0.0560760498046875
1783169681936531000,3.996531005859375,-0.8621063232421875,-0.5059814453125,0.0609130859375
1783169681946479900,4.00647998046875,-0.872894287109375,-0.5166778564453125,0.06048583984375
1783169681956429000,4.016428955078125,-0.8876190185546875,-0.5276031494140625,0.0577239990234375
1783169681966407700,4.02640771484375,-0.9027099609375,-0.5359649658203125,0.0555572509765625
1783169681976356900,4.03635693359375,-0.9181671142578125,-0.5393829345703125,0.056671142578125
1783169681986305000,4.046304931640625,-0.94525146484375,-0.543914794921875,0.056060791015625
1783169681996285000,4.056284912109375,-0.9730682373046875,-0.542572021484375,0.04254150390625
1783169682006233000,4.066233154296875,-0.9977264404296875,-0.5379486083984375,0.0254058837890625
1783169682016182000,4.07618212890625,-1.0117340087890625,-0.5361328125,0.0068817138671875
1783169682026131000,4.086130859375,-1.0202484130859375,-0.531707763671875,-0.0110626220703125
1783169682036109800,4.09610986328125,-1.025970458984375,-0.5206146240234375,-0.0287933349609375
1783169682046059000,4.10605908203125,-1.0207366943359375,-0.5099639892578125,-0.0436248779296875
1783169682056007000,4.1160068359375,-1.0109710693359375,-0.509735107421875,-0.0519256591796875
1783169682065986800,4.12598681640625,-0.9855804443359375,-0.5239105224609375,-0.0489959716796875
1783169682075935000,4.13593505859375,-0.9446258544921875,-0.550048828125,-0.0386505126953125
1783169682085884000,4.1458837890625,-0.9339447021484375,-0.5729217529296875,-0.027862548828125
1783169682095832800,4.155832763671875,-0.952362060546875,-0.5861053466796875,-0.0289764404296875
1783169682105811700,4.165811767578125,-0.9668426513671875,-0.5927276611328125,-0.038238525390625
1783169682115761000,4.175760986328125,-0.98895263671875,-0.59307861328125,-0.04620361328125
1783169682125710000,4.1857099609375,-1.0201263427734375,-0.58135986328125,-0.0594024658203125
1783169682135688700,4.195688720703125,-1.052337646484375,-0.5513763427734375,-0.080596923828125
1783169682145638000,4.205637939453125,-1.058746337890625,-0.5167388916015625,-0.1120758056640625
1783169682155586000,4.2155859375,-1.0334625244140625,-0.4794921875,-0.1394805908203125
1783169682165566000,4.22556591796875,-1.0030517578125,-0.438995361328125,-0.1505584716796875
1783169682175513900,4.235513916015625,-0.9748687744140625,-0.4134521484375,-0.14630126953125
1783169682185463000,4.245463134765625,-0.9469451904296875,-0.4180145263671875,-0.1278076171875
1783169682195412000,4.255411865234375,-0.9162139892578125,-0.4400482177734375,-0.10137939453125
1783169682205390800,4.265390869140625,-0.9059906005859375,-0.452728271484375,-0.0780029296875
1783169682215339800,4.27533984375,-0.923980712890625,-0.4531402587890625,-0.0654296875
1783169682225288000,4.285287841796875,-0.9452362060546875,-0.455291748046875,-0.0691070556640625
1783169682235267800,4.295267822265625,-0.93939208984375,-0.4566497802734375,-0.0861968994140625
1783169682245216000,4.305216064453125,-0.9227294921875,-0.4503631591796875,-0.102020263671875
1783169682255165000,4.3151650390625,-0.906494140625,-0.437347412109375,-0.1128997802734375
1783169682265113900,4.32511376953125,-0.8978424072265625,-0.4253692626953125,-0.1286163330078125
1783169682275092700,4.3350927734375,-0.89239501953125,-0.419586181640625,-0.1448516845703125
1783169682285042000,4.3450419921875,-0.8782196044921875,-0.4126739501953125,-0.1475982666015625
1783169682294990800,4.354990966796875,-0.8582916259765625,-0.40863037109375,-0.145263671875
1783169682304969700,4.3649697265625,-0.8341217041015625,-0.4114990234375,-0.1419219970703125
1783169682314919000,4.3749189453125,-0.812103271484375,-0.415985107421875,-0.1299285888671875
1783169682324867000,4.3848671875,-0.786865234375,-0.42156982421875,-0.117401123046875
1783169682334855400,4.39485546875,-0.7576446533203125,-0.42578125,-0.1094207763671875
1783169682344834300,4.404834228515625,-0.7246856689453125,-0.427642822265625,-0.0975799560546875
1783169682354783200,4.414783203125,-0.6936492919921875,-0.4264068603515625,-0.0828704833984375
1783169682364732200,4.424732177734375,-0.6671905517578125,-0.4278106689453125,-0.0701141357421875
1783169682374711300,4.434711181640625,-0.652252197265625,-0.434539794921875,-0.06085205078125
1783169682384660200,4.44466015625,-0.647705078125,-0.4458160400390625,-0.0582427978515625
1783169682394608400,4.4546083984375,-0.6451263427734375,-0.4563751220703125,-0.05511474609375
1783169682404557600,4.4645576171875,-0.6369171142578125,-0.462646484375,-0.0482635498046875
1783169682414536200,4.4745361328125,-0.625885009765625,-0.4669952392578125,-0.047393798828125
1783169682424485400,4.4844853515625,-0.623809814453125,-0.4723968505859375,-0.0429229736328125
1783169682434434300,4.494434326171875,-0.6330413818359375,-0.48138427734375,-0.03753662109375
1783169682444413400,4.504413330078125,-0.6465301513671875,-0.496368408203125,-0.0355987548828125
1783169682454362400,4.5143623046875,-0.6566162109375,-0.512176513671875,-0.0294647216796875
1783169682464311300,4.524311279296875,-0.6741485595703125,-0.5243988037109375,-0.022979736328125
1783169682474259500,4.534259521484375,-0.69036865234375,-0.5277099609375,-0.0229949951171875
1783169682484239400,4.5442392578125,-0.703765869140625,-0.5220184326171875,-0.0245208740234375
1783169682494187300,4.554187255859375,-0.73004150390625,-0.521392822265625,-0.03466796875
1783169682504136400,4.564136474609375,-0.757904052734375,-0.5235748291015625,-0.0487060546875
1783169682514115300,4.574115234375,-0.7678375244140625,-0.5216827392578125,-0.05328369140625
1783169682524064300,4.584064208984375,-0.781097412109375,-0.5189361572265625,-0.047271728515625
1783169682534013200,4.59401318359375,-0.7986297607421875,-0.522125244140625,-0.0431671142578125
1783169682543961300,4.60396142578125,-0.8031158447265625,-0.5307159423828125,-0.0413360595703125
1783169682553941200,4.613941162109375,-0.7930145263671875,-0.534759521484375,-0.0328216552734375
1783169682563889200,4.62388916015625,-0.7866973876953125,-0.53839111328125,-0.01861572265625
1783169682573838300,4.63383837890625,-0.791046142578125,-0.5476837158203125,-0.009033203125
1783169682583817200,4.643817138671875,-0.8047637939453125,-0.5633392333984375,-0.0043182373046875
1783169682593766400,4.653766357421875,-0.8248443603515625,-0.5824737548828125,-0.0046234130859375
1783169682603715300,4.66371533203125,-0.8483123779296875,-0.59600830078125,-0.0058746337890625
1783169682613664500,4.67366455078125,-0.852386474609375,-0.595977783203125,-0.002105712890625
1783169682623643400,4.683643310546875,-0.8593902587890625,-0.5892333984375,0.001983642578125
1783169682633592300,4.69359228515625,-0.8750152587890625,-0.58929443359375,0.000091552734375
1783169682643540500,4.70354052734375,-0.8883056640625,-0.59912109375,-0.0009613037109375
1783169682653520400,4.713520263671875,-0.904998779296875,-0.6075286865234375,0.0052337646484375
1783169682663468300,4.72346826171875,-0.9173126220703125,-0.61273193359375,0.0130462646484375
1783169682673417200,4.733417236328125,-0.91522216796875,-0.6135406494140625,0.017974853515625
1783169682683396400,4.743396240234375,-0.906402587890625,-0.605804443359375,0.0294342041015625
1783169682693345300,4.75334521484375,-0.901824951171875,-0.599212646484375,0.0375213623046875
1783169682703294200,4.763294189453125,-0.8798675537109375,-0.5995025634765625,0.0462646484375
1783169682713243100,4.7732431640625,-0.8357391357421875,-0.60894775390625,0.0775299072265625
1783169682723222300,4.78322216796875,-0.7960052490234375,-0.6317291259765625,0.12921142578125
1783169682733170200,4.793170166015625,-0.795074462890625,-0.650299072265625,0.1795196533203125
1783169682743119400,4.803119384765625,-0.822662353515625,-0.65545654296875,0.2185516357421875
1783169682753098200,4.81309814453125,-0.878631591796875,-0.653961181640625,0.2377777099609375
1783169682763047400,4.82304736328125,-0.9746246337890625,-0.639984130859375,0.22564697265625
1783169682772996400,4.832996337890625,-1.075958251953125,-0.608367919921875,0.17877197265625
1783169682782945300,4.8429453125,-1.10333251953125,-0.5555267333984375,0.12310791015625
1783169682792924400,4.85292431640625,-1.051605224609375,-0.4907379150390625,0.0812530517578125
1783169682802873300,4.862873291015625,-0.9801788330078125,-0.427734375,0.0534515380859375
1783169682812821500,4.872821533203125,-0.9187774658203125,-0.383575439453125,0.0496673583984375
1783169682822801400,4.882801513671875,-0.8855438232421875,-0.3760833740234375,0.0886688232421875
1783169682832749300,4.892749267578125,-0.87548828125,-0.40728759765625,0.1509857177734375
1783169682842698200,4.9026982421875,-0.8829345703125,-0.452667236328125,0.2052764892578125
1783169682852647400,4.9126474609375,-0.8966827392578125,-0.4876861572265625,0.2449951171875
1783169682862626300,4.922626220703125,-0.905242919921875,-0.5076446533203125,0.2624664306640625
1783169682872575200,4.9325751953125,-0.929290771484375,-0.509735107421875,0.2593231201171875
1783169682882524200,4.942524169921875,-0.9765777587890625,-0.4925537109375,0.237030029296875
1783169682892503300,4.95250341796875,-1.017852783203125,-0.46746826171875,0.199432373046875
1783169682902451200,4.962451171875,-1.0224151611328125,-0.4490203857421875,0.156646728515625
1783169682912400100,4.972400146484375,-0.9936370849609375,-0.431884765625,0.1230010986328125
1783169682922349600,4.982349609375,-0.9486541748046875,-0.4087066650390625,0.1019134521484375
1783169682932328400,4.992328369140625,-0.89385986328125,-0.3919219970703125,0.0945587158203125
1783169682942277400,5.00227734375,-0.8368377685546875,-0.387359619140625,0.101959228515625
1783169682952226300,5.012226318359375,-0.7757720947265625,-0.3975982666015625,0.118072509765625
1783169682962205400,5.022205322265625,-0.7310638427734375,-0.4121856689453125,0.1351470947265625
1783169682972154400,5.032154296875,-0.7008209228515625,-0.428192138671875,0.1475677490234375
1783169682982102300,5.042102294921875,-0.66595458984375,-0.4423370361328125,0.1587677001953125
1783169682992051500,5.052051513671875,-0.6379547119140625,-0.449554443359375,0.1728057861328125
1783169683002030300,5.0620302734375,-0.6323699951171875,-0.45526123046875,0.179962158203125
1783169683011979300,5.071979248046875,-0.646148681640625,-0.461700439453125,0.1753387451171875
1783169683021928200,5.08192822265625,-0.66009521484375,-0.4670257568359375,0.166839599609375
1783169683031907300,5.0919072265625,-0.6710052490234375,-0.4679107666015625,0.159210205078125
1783169683041856300,5.101856201171875,-0.691162109375,-0.46929931640625,0.144989013671875
1783169683051805200,5.11180517578125,-0.70733642578125,-0.4769439697265625,0.1360626220703125
1783169683061753300,5.12175341796875,-0.7120513916015625,-0.489837646484375,0.14154052734375
1783169683071732200,5.131732177734375,-0.716094970703125,-0.5082550048828125,0.14599609375
1783169683081681200,5.14168115234375,-0.716827392578125,-0.5210113525390625,0.1521148681640625
1783169683091630300,5.15163037109375,-0.7322845458984375,-0.5307769775390625,0.170501708984375
1783169683101609500,5.161609375,-0.762603759765625,-0.544677734375,0.1788330078125
1783169683111558400,5.171558349609375,-0.7880401611328125,-0.5577239990234375,0.1616973876953125
1783169683121507300,5.18150732421875,-0.8011627197265625,-0.558807373046875,0.1375579833984375
1783169683131455500,5.19145556640625,-0.82940673828125,-0.54742431640625,0.1263580322265625
1783169683141435400,5.201435302734375,-0.865966796875,-0.5385894775390625,0.1121673583984375
1783169683151383300,5.21138330078125,-0.89288330078125,-0.5393829345703125,0.09307861328125
1783169683161332500,5.22133251953125,-0.9114532470703125,-0.543731689453125,0.07623291015625
1783169683171311400,5.231311279296875,-0.906585693359375,-0.5440673828125,0.06341552734375
1783169683181260300,5.24126025390625,-0.89276123046875,-0.5361328125,0.0575714111328125
1783169683191209200,5.251209228515625,-0.8963165283203125,-0.5313873291015625,0.0606689453125
1783169683201188400,5.261188232421875,-0.9147796630859375,-0.537353515625,0.0579681396484375
1783169683211137300,5.27113720703125,-0.9384002685546875,-0.5477752685546875,0.0556488037109375
1783169683221086200,5.281086181640625,-0.9683990478515625,-0.5548248291015625,0.0534515380859375
1783169683231034400,5.291034423828125,-0.988677978515625,-0.55755615234375,0.04278564453125
1783169683241013200,5.30101318359375,-1.0058441162109375,-0.555694580078125,0.0266876220703125
1783169683250962200,5.310962158203125,-1.0164947509765625,-0.54718017578125,0.0097198486328125
1783169683260911400,5.320911376953125,-1.025726318359375,-0.5316314697265625,-0.0022430419921875
1783169683270890200,5.33089013671875,-1.026885986328125,-0.516937255859375,-0.0142669677734375
1783169683280839400,5.34083935546875,-1.004119873046875,-0.5101470947265625,-0.0248565673828125
1783169683290788400,5.350788330078125,-0.94970703125,-0.5184326171875,-0.0172576904296875
1783169683300736500,5.360736572265625,-0.8995208740234375,-0.538360595703125,0.0027008056640625
1783169683310716400,5.37071630859375,-0.870269775390625,-0.5577239990234375,0.0113372802734375
1783169683320664300,5.380664306640625,-0.875152587890625,-0.575592041015625,0.008148193359375
1783169683330621400,5.390621337890625,-0.9008026123046875,-0.5966339111328125,0.000946044921875
1783169683340600600,5.4006005859375,-0.9187774658203125,-0.610992431640625,-0.003509521484375
1783169683350549500,5.410549560546875,-0.9223175048828125,-0.60504150390625,-0.006988525390625
1783169683360498400,5.42049853515625,-0.9326934814453125,-0.5730438232421875,-0.0163421630859375
1783169683370447400,5.430447265625,-0.9466552734375,-0.534271240234375,-0.0370941162109375
1783169683380426500,5.440426513671875,-0.9399261474609375,-0.500823974609375,-0.0531463623046875
1783169683390375400,5.45037548828125,-0.91302490234375,-0.472900390625,-0.0538787841796875
1783169683400323300,5.4603232421875,-0.873077392578125,-0.45391845703125,-0.0437774658203125
1783169683410303500,5.470303466796875,-0.8419647216796875,-0.444000244140625,-0.0321502685546875
1783169683420251400,5.48025146484375,-0.8345794677734375,-0.4483489990234375,-0.0233612060546875
1783169683430200600,5.49020068359375,-0.8362274169921875,-0.4652862548828125,-0.0219879150390625
1783169683440149500,5.5001494140625,-0.846893310546875,-0.4822540283203125,-0.023590087890625
1783169683450128600,5.510128662109375,-0.8609161376953125,-0.49212646484375,-0.03631591796875
1783169683460077600,5.52007763671875,-0.864532470703125,-0.487518310546875,-0.0531158447265625
1783169683470025500,5.530025390625,-0.86407470703125,-0.477203369140625,-0.0701904296875
1783169683480005400,5.54000537109375,-0.8699188232421875,-0.470794677734375,-0.0871734619140625
1783169683489953500,5.54995361328125,-0.8683929443359375,-0.4647064208984375,-0.1031341552734375
1783169683499902500,5.55990234375,-0.85845947265625,-0.4557037353515625,-0.1161651611328125
1783169683509851400,5.569851318359375,-0.8510284423828125,-0.446197509765625,-0.1197052001953125
1783169683519830500,5.57983056640625,-0.838348388671875,-0.4390716552734375,-0.109222412109375
1783169683529779500,5.589779541015625,-0.8129119873046875,-0.4403228759765625,-0.0891265869140625
1783169683539728400,5.599728271484375,-0.7860565185546875,-0.4484710693359375,-0.0673980712890625
1783169683549707500,5.60970751953125,-0.767303466796875,-0.4589385986328125,-0.049407958984375
1783169683559656400,5.619656494140625,-0.754058837890625,-0.468475341796875,-0.0339813232421875
1783169683569604400,5.629604248046875,-0.7427520751953125,-0.4737548828125,-0.0197296142578125
1783169683579553300,5.63955322265625,-0.7364959716796875,-0.47540283203125,-0.0085906982421875
1783169683589532400,5.649532470703125,-0.7371063232421875,-0.4764251708984375,-0.0021209716796875
1783169683599481600,5.659481689453125,-0.7367095947265625,-0.4725799560546875,0.0004425048828125
1783169683609430500,5.669430419921875,-0.741119384765625,-0.4669647216796875,-0.0043487548828125
1783169683619409700,5.67940966796875,-0.7441864013671875,-0.462677001953125,-0.004486083984375
1783169683629358600,5.689358642578125,-0.7489166259765625,-0.463165283203125,0.0010986328125
1783169683639306500,5.699306396484375,-0.7535552978515625,-0.4712371826171875,0.0047149658203125
1783169683649255400,5.70925537109375,-0.748138427734375,-0.4786376953125,0.0142059326171875
1783169683659234600,5.719234619140625,-0.7382049560546875,-0.4855499267578125,0.020477294921875
1783169683669183500,5.72918359375,-0.7321624755859375,-0.49346923828125,0.027191162109375
1783169683679132400,5.73913232421875,-0.7258453369140625,-0.50433349609375,0.03173828125
1783169683689111600,5.749111572265625,-0.723907470703125,-0.5162353515625,0.034393310546875
1783169683699060500,5.759060546875,-0.724395751953125,-0.5301666259765625,0.0320892333984375
1783169683709009400,5.769009521484375,-0.725006103515625,-0.5417633056640625,0.0247802734375
1783169683718957300,5.778957275390625,-0.734375,-0.54705810546875,0.017181396484375
1783169683728937500,5.7889375,-0.7517242431640625,-0.55133056640625,0.0064697265625
1783169683738885400,5.798885498046875,-0.759613037109375,-0.5549774169921875,-0.004669189453125
1783169683748834300,5.808834228515625,-0.7582244873046875,-0.555145263671875,-0.0078887939453125
1783169683758813400,5.8188134765625,-0.7678680419921875,-0.55511474609375,-0.009002685546875
1783169683768762600,5.8287626953125,-0.782867431640625,-0.5566864013671875,-0.0125885009765625
1783169683778711600,5.838711669921875,-0.792938232421875,-0.5606536865234375,-0.0123748779296875
1783169683788690700,5.848690673828125,-0.7945556640625,-0.5657501220703125,-0.010467529296875
1783169683798639600,5.8586396484375,-0.78851318359375,-0.5674591064453125,-0.00433349609375
1783169683808587500,5.86858740234375,-0.7834625244140625,-0.5675201416015625,0.0072784423828125
1783169683818536400,5.878536376953125,-0.7860565185546875,-0.571868896484375,0.01995849609375
1783169683828515600,5.888515625,-0.791534423828125,-0.5825653076171875,0.028533935546875
1783169683838464500,5.898464599609375,-0.7997283935546875,-0.596221923828125,0.0397796630859375
1783169683848413400,5.908413330078125,-0.82330322265625,-0.6135406494140625,0.0466766357421875
1783169683858392600,5.918392578125,-0.8613433837890625,-0.6259918212890625,0.050628662109375
1783169683868341500,5.928341552734375,-0.898529052734375,-0.627410888671875,0.0567474365234375
1783169683878290400,5.93829052734375,-0.9298248291015625,-0.6239471435546875,0.0548553466796875
1783169683888238300,5.94823828125,-0.9591217041015625,-0.6203765869140625,0.0607147216796875
1783169683898218500,5.958218505859375,-0.98468017578125,-0.6127777099609375,0.0649566650390625
1783169683908166400,5.96816650390625,-0.9995880126953125,-0.602020263671875,0.0674285888671875
1783169683918115300,5.978115234375,-1.0006866455078125,-0.5897979736328125,0.0709381103515625
1783169683928094500,5.988094482421875,-0.9888763427734375,-0.5761260986328125,0.0774078369140625
1783169683938043600,5.998043701171875,-0.9519500732421875,-0.576019287109375,0.0981903076171875
1783169683947992600,6.00799267578125,-0.9113922119140625,-0.5957183837890625,0.1371917724609375
1783169683957940500,6.0179404296875,-0.9080810546875,-0.6239013671875,0.176300048828125
1783169683967920600,6.027920654296875,-0.9405059814453125,-0.6355743408203125,0.192291259765625
1783169683977868500,6.03786865234375,-0.99261474609375,-0.627471923828125,0.1839447021484375
1783169683987817500,6.0478173828125,-1.0549468994140625,-0.612274169921875,0.1635589599609375
1783169683997796600,6.057796630859375,-1.10986328125,-0.59326171875,0.1412200927734375
1783169684007745500,6.06774560546875,-1.1200714111328125,-0.5656585693359375,0.1116180419921875
1783169684017694500,6.077694580078125,-1.09356689453125,-0.520721435546875,0.0771636962890625
1783169684027643400,6.087643310546875,-1.0607147216796875,-0.4606170654296875,0.0468597412109375
1783169684037622500,6.09762255859375,-1.018524169921875,-0.4093170166015625,0.0295867919921875
1783169684047571500,6.107571533203125,-0.9609832763671875,-0.387786865234375,0.0341339111328125
1783169684057519400,6.117519287109375,-0.905242919921875,-0.3980255126953125,0.0641632080078125
1783169684067499500,6.12749951171875,-0.867523193359375,-0.4221954345703125,0.1051483154296875
1783169684077447400,6.137447509765625,-0.84051513671875,-0.4410858154296875,0.1388702392578125
1783169684087396400,6.147396240234375,-0.8298492431640625,-0.4622344970703125,0.169036865234375
1783169684097345500,6.157345458984375,-0.8376312255859375,-0.48504638671875,0.19415283203125
1783169684107324400,6.167324462890625,-0.8480377197265625,-0.4920501708984375,0.19573974609375
1783169684117273600,6.177273681640625,-0.8561248779296875,-0.47052001953125,0.175750732421875
1783169684127221500,6.187221435546875,-0.873748779296875,-0.4323883056640625,0.146575927734375
1783169684137201700,6.19720166015625,-0.8862152099609375,-0.39776611328125,0.1195068359375
1783169684147149600,6.207149658203125,-0.8870086669921875,-0.37384033203125,0.09576416015625
1783169684157098500,6.217098388671875,-0.8687896728515625,-0.3592681884765625,0.08502197265625
1783169684167047400,6.22704736328125,-0.8439788818359375,-0.3518218994140625,0.0883026123046875
1783169684177026600,6.237026611328125,-0.8185272216796875,-0.3529510498046875,0.095123291015625
1783169684186975500,6.2469755859375,-0.799102783203125,-0.363037109375,0.0998992919921875
1783169684196924400,6.25692431640625,-0.77703857421875,-0.377288818359375,0.0982208251953125
1783169684206903600,6.266903564453125,-0.752288818359375,-0.3858184814453125,0.0953826904296875
1783169684216852500,6.2768525390625,-0.739532470703125,-0.3919219970703125,0.09002685546875
1783169684226800400,6.28680029296875,-0.7335357666015625,-0.39813232421875,0.0850067138671875
1783169684236749300,6.296749267578125,-0.7275848388671875,-0.4026947021484375,0.0839385986328125
1783169684246728400,6.306728515625,-0.7305450439453125,-0.4061126708984375,0.0830535888671875
1783169684256677400,6.316677490234375,-0.732452392578125,-0.4111328125,0.0755615234375
1783169684266626600,6.32662646484375,-0.7227020263671875,-0.4110260009765625,0.07525634765625
1783169684276605400,6.33660546875,-0.7280120849609375,-0.408935546875,0.0806121826171875
1783169684286554600,6.3465546875,-0.7369384765625,-0.41455078125,0.087249755859375
1783169684296502500,6.35650244140625,-0.7327117919921875,-0.427032470703125,0.0929718017578125
1783169684306482400,6.366482421875,-0.729522705078125,-0.442230224609375,0.099609375
1783169684316430600,6.3764306640625,-0.731781005859375,-0.4593963623046875,0.106201171875
1783169684326379500,6.386379638671875,-0.7338104248046875,-0.472259521484375,0.1079559326171875
1783169684336347600,6.39634765625,-0.7436981201171875,-0.48284912109375,0.101226806640625
1783169684346326500,6.406326416015625,-0.75811767578125,-0.494964599609375,0.087371826171875
1783169684356275500,6.416275390625,-0.7593841552734375,-0.500579833984375,0.0770416259765625
1783169684366224600,6.426224609375,-0.7674102783203125,-0.501617431640625,0.069488525390625
1783169684376203500,6.43620361328125,-0.779998779296875,-0.502593994140625,0.0585174560546875
1783169684386152400,6.44615234375,-0.7978363037109375,-0.5072021484375,0.0501861572265625
1783169684396100600,6.4561005859375,-0.821075439453125,-0.5177154541015625,0.0466461181640625
1783169684406049500,6.466049560546875,-0.8344879150390625,-0.5279693603515625,0.0456085205078125
1783169684416028400,6.4760283203125,-0.8428192138671875,-0.5326080322265625,0.043975830078125
1783169684425977600,6.4859775390625,-0.850982666015625,-0.532012939453125,0.0382080078125
1783169684435926800,6.4959267578125,-0.8576507568359375,-0.527313232421875,0.032958984375
1783169684445905700,6.50590576171875,-0.87078857421875,-0.5262603759765625,0.0299224853515625
1783169684455854600,6.5158544921875,-0.890472412109375,-0.529022216796875,0.0309295654296875
1783169684465802800,6.525802734375,-0.907867431640625,-0.535888671875,0.031341552734375
1783169684475751700,6.535751708984375,-0.933319091796875,-0.5487213134765625,0.029541015625
1783169684485730600,6.54573046875,-0.9544219970703125,-0.5653839111328125,0.026275634765625
1783169684495679700,6.5556796875,-0.9677734375,-0.567901611328125,0.03570556640625
1783169684505628700,6.565628662109375,-0.989410400390625,-0.55902099609375,0.049652099609375
1783169684515607600,6.575607666015625,-1.0130157470703125,-0.5576629638671875,0.0556182861328125
1783169684525556500,6.585556396484375,-1.0266876220703125,-0.5653076171875,0.049468994140625
1783169684535505400,6.59550537109375,-1.030670166015625,-0.568634033203125,0.0349884033203125
1783169684545453600,6.60545361328125,-1.02056884765625,-0.5638275146484375,0.0261383056640625
1783169684555433500,6.61543359375,-1.004058837890625,-0.55609130859375,0.0196990966796875
1783169684565381600,6.625381591796875,-0.9835662841796875,-0.5514373779296875,0.01788330078125
1783169684575330600,6.63533056640625,-0.951416015625,-0.5626068115234375,0.021575927734375
1783169684585309400,6.645309326171875,-0.9001007080078125,-0.5965118408203125,0.0422821044921875
1783169684595258600,6.655258544921875,-0.8638916015625,-0.644500732421875,0.077789306640625
1783169684605207800,6.665207763671875,-0.8656158447265625,-0.683807373046875,0.100982666015625
1783169684615155700,6.67515576171875,-0.903411865234375,-0.7050933837890625,0.1114654541015625
1783169684625135600,6.685135498046875,-0.939697265625,-0.7154693603515625,0.1085052490234375
1783169684635083800,6.695083740234375,-0.9659423828125,-0.7159423828125,0.090667724609375
1783169684645032700,6.70503271484375,-1.0074615478515625,-0.68890380859375,0.0619964599609375
1783169684655011600,6.715011474609375,-1.0423431396484375,-0.6325225830078125,0.0231781005859375
1783169684664960500,6.72496044921875,-1.023834228515625,-0.5636444091796875,-0.01751708984375
1783169684674909700,6.73490966796875,-0.9753265380859375,-0.4978485107421875,-0.0448760986328125
1783169684684858600,6.744858642578125,-0.9295806884765625,-0.45245361328125,-0.04718017578125
1783169684694837500,6.75483740234375,-0.8964691162109375,-0.4433441162109375,-0.0224761962890625
1783169684704786400,6.764786376953125,-0.8727569580078125,-0.4630889892578125,0.014923095703125
1783169684714734600,6.774734619140625,-0.8609161376953125,-0.4890594482421875,0.05517578125
1783169684724714500,6.784714599609375,-0.8572540283203125,-0.51263427734375,0.0779266357421875
1783169684734662700,6.79466259765625,-0.862091064453125,-0.5302581787109375,0.0761871337890625
1783169684744611600,6.804611572265625,-0.8536529541015625,-0.5276031494140625,0.0648345947265625
1783169684754560800,6.814560791015625,-0.851043701171875,-0.499847412109375,0.0468292236328125
1783169684764539600,6.82453955078125,-0.8617706298828125,-0.4717254638671875,0.02728271484375
1783169684774488600,6.834488525390625,-0.865081787109375,-0.4553985595703125,0.012725830078125
1783169684784436700,6.844436767578125,-0.85107421875,-0.4460296630859375,-0.0043792724609375
1783169684794416600,6.854416748046875,-0.8231964111328125,-0.44036865234375,-0.016876220703125
1783169684804364800,6.86436474609375,-0.78759765625,-0.4438018798828125,-0.006195068359375
1783169684814313700,6.874313720703125,-0.7522430419921875,-0.45489501953125,0.01959228515625
1783169684824292600,6.884292724609375,-0.7166900634765625,-0.4656524658203125,0.04736328125
1783169684834241500,6.894241455078125,-0.6869659423828125,-0.4768829345703125,0.0735015869140625
1783169684844190700,6.904190673828125,-0.6729888916015625,-0.491485595703125,0.0942535400390625
1783169684854139600,6.9141396484375,-0.682373046875,-0.5029144287109375,0.110321044921875
1783169684864118500,6.924118408203125,-0.68927001953125,-0.5137481689453125,0.11749267578125
1783169684874067500,6.9340673828125,-0.695526123046875,-0.52374267578125,0.114227294921875
1783169684884015600,6.944015625,-0.70550537109375,-0.5253143310546875,0.1085052490234375
1783169684893995500,6.95399560546875,-0.716156005859375,-0.5183868408203125,0.0994720458984375
1783169684903943400,6.963943359375,-0.72076416015625,-0.5133819580078125,0.0927734375
1783169684913892600,6.973892578125,-0.722930908203125,-0.5160369873046875,0.089080810546875
1783169684923841800,6.983841796875,-0.727752685546875,-0.52197265625,0.089141845703125
1783169684933820400,6.9938203125,-0.7325286865234375,-0.5344696044921875,0.087646484375
1783169684943769600,7.00376953125,-0.73297119140625,-0.549591064453125,0.0826873779296875
1783169684953717800,7.0137177734375,-0.7270050048828125,-0.561370849609375,0.080535888671875
1783169684963697700,7.02369775390625,-0.7149810791015625,-0.5694427490234375,0.0806427001953125
1783169684973645600,7.0336455078125,-0.707122802734375,-0.570526123046875,0.08148193359375
1783169684983594800,7.0435947265625,-0.7161102294921875,-0.567901611328125,0.081634521484375
1783169684993543700,7.053543701171875,-0.721038818359375,-0.5680999755859375,0.0791473388671875
1783169685003522600,7.0635224609375,-0.7220611572265625,-0.573822021484375,0.0724945068359375
1783169685013471500,7.073471435546875,-0.735626220703125,-0.5737762451171875,0.0682220458984375
1783169685023420700,7.083420654296875,-0.75396728515625,-0.56622314453125,0.0612945556640625
1783169685033399600,7.093399658203125,-0.7768707275390625,-0.5572052001953125,0.0609588623046875
1783169685043348500,7.103348388671875,-0.795257568359375,-0.551422119140625,0.058746337890625
1783169685053296600,7.113296630859375,-0.79345703125,-0.545318603515625,0.048370361328125
1783169685063245600,7.12324560546875,-0.7978515625,-0.5347747802734375,0.0418243408203125
1783169685073224400,7.133224365234375,-0.796478271484375,-0.542327880859375,0.033782958984375
1783169685083173600,7.143173583984375,-0.7852783203125,-0.556060791015625,0.0326995849609375
1783169685093122800,7.153122802734375,-0.782745361328125,-0.563934326171875,0.0345916748046875
1783169685103101400,7.163101318359375,-0.79803466796875,-0.5518951416015625,0.026580810546875
1783169685113050600,7.173050537109375,-0.8038330078125,-0.5466766357421875,0.0680694580078125
1783169685122999600,7.18299951171875,-0.78143310546875,-0.584259033203125,0.1107330322265625
1783169685132947700,7.19294775390625,-0.8035125732421875,-0.595794677734375,0.117034912109375
1783169685142926600,7.202926513671875,-0.8235015869140625,-0.581878662109375,0.118377685546875
1783169685152875800,7.212875732421875,-0.8299560546875,-0.56683349609375,0.103179931640625
1783169685162824700,7.22282470703125,-0.8553314208984375,-0.558013916015625,0.0921478271484375
1783169685172803600,7.232803466796875,-0.8863525390625,-0.5594940185546875,0.08563232421875
1783169685182752500,7.24275244140625,-0.905120849609375,-0.559326171875,0.080810546875
1783169685192701700,7.25270166015625,-0.904937744140625,-0.5541534423828125,0.0796051025390625
1783169685202649600,7.262649658203125,-0.9053955078125,-0.5417327880859375,0.0820159912109375
1783169685212629500,7.27262939453125,-0.906646728515625,-0.5300750732421875,0.0892333984375
1783169685222577700,7.28257763671875,-0.860504150390625,-0.548858642578125,0.13470458984375
1783169685232526600,7.292526611328125,-0.8417205810546875,-0.6075439453125,0.2010650634765625
1783169685242505500,7.30250537109375,-0.8901214599609375,-0.6568756103515625,0.2550201416015625
1783169685252454400,7.312454345703125,-1.01531982421875,-0.6565704345703125,0.2698974609375
1783169685262403600,7.322403564453125,-1.1276397705078125,-0.6408538818359375,0.249969482421875
1783169685272352800,7.332352783203125,-1.1341552734375,-0.6225433349609375,0.21087646484375
1783169685282331600,7.34233154296875,-1.1198883056640625,-0.5638427734375,0.1636199951171875
1783169685292280600,7.352280517578125,-1.09967041015625,-0.475921630859375,0.12213134765625
1783169685302228700,7.362228759765625,-1.0269012451171875,-0.399932861328125,0.09429931640625
1783169685312207600,7.37220751953125,-0.9378662109375,-0.3510284423828125,0.0980987548828125
1783169685322156500,7.382156494140625,-0.891754150390625,-0.3404388427734375,0.128143310546875
1783169685332125400,7.39212548828125,-0.8614654541015625,-0.3678741455078125,0.1653594970703125
1783169685342104300,7.402104248046875,-0.8222198486328125,-0.4002838134765625,0.2071990966796875
1783169685352053500,7.412053466796875,-0.7957611083984375,-0.4187774658203125,0.2491607666015625
1783169685362002700,7.422002685546875,-0.781951904296875,-0.4263458251953125,0.2812652587890625
1783169685371950600,7.43195068359375,-0.772613525390625,-0.426422119140625,0.296417236328125
1783169685381930500,7.441930419921875,-0.7730255126953125,-0.4227294921875,0.2921295166015625
1783169685391878700,7.451878662109375,-0.7810821533203125,-0.418975830078125,0.2740478515625
1783169685401827600,7.46182763671875,-0.8023223876953125,-0.413604736328125,0.2508087158203125
1783169685411806500,7.471806396484375,-0.82379150390625,-0.41015625,0.2261199951171875
1783169685421755600,7.481755615234375,-0.8309783935546875,-0.4088134765625,0.197509765625
1783169685431704600,7.49170458984375,-0.8339385986328125,-0.399169921875,0.1761474609375
1783169685441653500,7.501653564453125,-0.834136962890625,-0.38916015625,0.1651153564453125
1783169685451632400,7.51163232421875,-0.826416015625,-0.385498046875,0.1587982177734375
1783169685461581600,7.52158154296875,-0.82025146484375,-0.385009765625,0.1512603759765625
1783169685471529500,7.531529541015625,-0.8202056884765625,-0.3880615234375,0.1405487060546875
1783169685481508600,7.541508544921875,-0.8108367919921875,-0.3908538818359375,0.12652587890625
1783169685491457500,7.55145751953125,-0.7954559326171875,-0.384033203125,0.118560791015625
1783169685501406500,7.561406494140625,-0.7866363525390625,-0.378997802734375,0.11578369140625
1783169685511355600,7.571355712890625,-0.7721710205078125,-0.382659912109375,0.118621826171875
1783169685521334500,7.58133447265625,-0.7562103271484375,-0.3904266357421875,0.1302490234375
1783169685531283700,7.59128369140625,-0.761688232421875,-0.4013214111328125,0.1410980224609375
1783169685541231600,7.601231689453125,-0.7615509033203125,-0.4128265380859375,0.1439666748046875
1783169685551211500,7.61121142578125,-0.7538604736328125,-0.4255218505859375,0.14581298828125
1783169685561159700,7.62115966796875,-0.74334716796875,-0.432342529296875,0.14971923828125
1783169685571108600,7.631108642578125,-0.7389373779296875,-0.433074951171875,0.1535491943359375
1783169685581057500,7.6410576171875,-0.747283935546875,-0.434722900390625,0.150115966796875
1783169685591036700,7.65103662109375,-0.765289306640625,-0.44207763671875,0.142730712890625
1783169685600985600,7.660985595703125,-0.771453857421875,-0.4538726806640625,0.1364898681640625
1783169685610934500,7.6709345703125,-0.776611328125,-0.4633636474609375,0.1346435546875
1783169685620913400,7.680913330078125,-0.7884368896484375,-0.4681549072265625,0.12738037109375
1783169685630862600,7.690862548828125,-0.7989654541015625,-0.4737701416015625,0.1130218505859375
1783169685640810500,7.700810546875,-0.8073883056640625,-0.4760284423828125,0.1065673828125
1783169685650759400,7.710759521484375,-0.8165130615234375,-0.474884033203125,0.104248046875
1783169685660738600,7.720738525390625,-0.8201904296875,-0.4765625,0.097869873046875
1783169685670687500,7.7306875,-0.8184967041015625,-0.48004150390625,0.093353271484375
1783169685680636400,7.740636474609375,-0.8197021484375,-0.4836273193359375,0.09417724609375
1783169685690615300,7.750615234375,-0.8268890380859375,-0.4933013916015625,0.0969390869140625
1783169685700564700,7.760564697265625,-0.826324462890625,-0.512939453125,0.09521484375
1783169685710512600,7.7705126953125,-0.822052001953125,-0.525482177734375,0.09600830078125
1783169685720461600,7.780461669921875,-0.8259429931640625,-0.525787353515625,0.0991363525390625
1783169685730440700,7.790440673828125,-0.8312835693359375,-0.5278167724609375,0.10809326171875
1783169685740389600,7.8003896484375,-0.8367767333984375,-0.539398193359375,0.1160736083984375
1783169685750338600,7.810338623046875,-0.852508544921875,-0.55328369140625,0.120697021484375
1783169685760317400,7.8203173828125,-0.876953125,-0.567291259765625,0.120635986328125
1783169685770266600,7.8302666015625,-0.891845703125,-0.5795135498046875,0.113922119140625
1783169685780215600,7.840215576171875,-0.906402587890625,-0.582489013671875,0.105804443359375
1783169685790163500,7.85016357421875,-0.9252471923828125,-0.5791473388671875,0.102294921875
1783169685800143400,7.860143310546875,-0.9434051513671875,-0.5784149169921875,0.0996246337890625
1783169685810091500,7.870091552734375,-0.963623046875,-0.5773773193359375,0.091156005859375
1783169685820040400,7.88004052734375,-0.9834136962890625,-0.574676513671875,0.0805206298828125
1783169685830019600,7.89001953125,-1.002044677734375,-0.57562255859375,0.0616302490234375
1783169685839968500,7.899968505859375,-1.013641357421875,-0.5781097412109375,0.041839599609375
1783169685849917400,7.90991748046875,-1.024200439453125,-0.5844573974609375,0.0229644775390625
1783169685859896300,7.919896240234375,-1.018707275390625,-0.5877685546875,0.004913330078125
1783169685869845500,7.929845458984375,-0.9892730712890625,-0.592010498046875,-0.002410888671875
1783169685879793400,7.93979345703125,-0.948699951171875,-0.610504150390625,0.0032806396484375
1783169685889742600,7.94974267578125,-0.9395599365234375,-0.621612548828125,0.01226806640625
1783169685899721700,7.9597216796875,-0.9581756591796875,-0.6229095458984375,0.0211181640625
1783169685909670700,7.969670654296875,-0.97503662109375,-0.624755859375,0.0248565673828125
1783169685919619600,7.97961962890625,-0.9831085205078125,-0.6294097900390625,0.0199127197265625
1783169685929598500,7.989598388671875,-0.9974822998046875,-0.6164703369140625,0.0055389404296875
1783169685939547600,7.999547607421875,-1.0104217529296875,-0.581390380859375,-0.0228118896484375
1783169685949496600,8.00949658203125,-1.0007476806640625,-0.5410614013671875,-0.0557861328125
1783169685959444500,8.019444580078124,-0.9566192626953125,-0.5063018798828125,-0.078704833984375
1783169685969424400,8.02942431640625,-0.8992462158203125,-0.477813720703125,-0.08905029296875
1783169685979372500,8.03937255859375,-0.860809326171875,-0.460296630859375,-0.0813446044921875
1783169685989321500,8.049321533203125,-0.842742919921875,-0.466278076171875,-0.0591278076171875
1783169685999300400,8.05930029296875,-0.8364105224609375,-0.4849853515625,-0.040679931640625
1783169686009249500,8.06924951171875,-0.8435821533203125,-0.496978759765625,-0.0308074951171875
1783169686019198500,8.079198486328124,-0.8557586669921875,-0.5004425048828125,-0.0301361083984375
1783169686029146400,8.089146484375,-0.8632965087890625,-0.49005126953125,-0.0370330810546875
1783169686039126500,8.09912646484375,-0.8675689697265625,-0.47265625,-0.0478668212890625
1783169686049074400,8.109074462890625,-0.8740692138671875,-0.4593658447265625,-0.0535888671875
1783169686059023600,8.119023681640625,-0.874725341796875,-0.453033447265625,-0.063934326171875
1783169686069002800,8.129002685546874,-0.8679962158203125,-0.4482421875,-0.072540283203125
1783169686078951700,8.13895166015625,-0.867645263671875,-0.4450531005859375,-0.075592041015625
1783169686088900600,8.148900634765624,-0.8559417724609375,-0.4478912353515625,-0.0650177001953125
1783169686098849500,8.158849609375,-0.8339691162109375,-0.454071044921875,-0.0425567626953125
1783169686108828700,8.16882861328125,-0.8078765869140625,-0.4571990966796875,-0.0192718505859375
1783169686118777600,8.178777587890625,-0.7890625,-0.45977783203125,-0.002471923828125
1783169686128725500,8.1887255859375,-0.781829833984375,-0.4648590087890625,0.009765625
1783169686138705400,8.198705322265624,-0.78265380859375,-0.4696197509765625,0.015045166015625
1783169686148653600,8.208653564453124,-0.7694091796875,-0.4658050537109375,0.01019287109375
1783169686158602500,8.2186025390625,-0.7513275146484375,-0.450653076171875,0.0072174072265625
1783169686168551400,8.228551513671874,-0.742767333984375,-0.4423065185546875,0.0111846923828125
1783169686178530600,8.238530517578125,-0.7292633056640625,-0.4459686279296875,0.0216217041015625
1783169686188479500,8.2484794921875,-0.7203369140625,-0.454132080078125,0.0292205810546875
1783169686198427400,8.258427490234375,-0.71673583984375,-0.462921142578125,0.0277099609375
1783169686208407300,8.2684072265625,-0.7113494873046875,-0.4729156494140625,0.0224151611328125
1783169686218355500,8.27835546875,-0.708038330078125,-0.484832763671875,0.0201873779296875
1783169686228304600,8.2883046875,-0.6990966796875,-0.49822998046875,0.016754150390625
1783169686238253600,8.298253662109374,-0.6928558349609375,-0.5106964111328125,0.0096893310546875
1783169686248232700,8.308232666015625,-0.697662353515625,-0.5209808349609375,-0.003997802734375
1783169686258181600,8.318181640625,-0.702423095703125,-0.5294342041015625,-0.0234832763671875
1783169686268130600,8.328130615234375,-0.6972503662109375,-0.5341949462890625,-0.0420074462890625
1783169686278109400,8.338109375,-0.7024993896484375,-0.5370635986328125,-0.052001953125
1783169686288058600,8.34805859375,-0.71783447265625,-0.53948974609375,-0.0519256591796875
1783169686298006500,8.358006591796874,-0.7279052734375,-0.54583740234375,-0.0467681884765625
1783169686307955500,8.36795556640625,-0.72796630859375,-0.5556793212890625,-0.0378875732421875
1783169686317934600,8.3779345703125,-0.72967529296875,-0.5656280517578125,-0.0250701904296875
1783169686327883500,8.387883544921875,-0.7378997802734375,-0.57080078125,-0.01165771484375
1783169686337870000,8.3978701171875,-0.7457275390625,-0.57244873046875,0.0033721923828125
1783169686347849200,8.40784912109375,-0.7613067626953125,-0.5770263671875,0.016143798828125
1783169686357798400,8.41779833984375,-0.782989501953125,-0.5831298828125,0.027069091796875
1783169686367746000,8.42774609375,-0.806243896484375,-0.5863800048828125,0.0386199951171875
1783169686377695200,8.4376953125,-0.831939697265625,-0.5847625732421875,0.0526275634765625
1783169686387674400,8.44767431640625,-0.8451385498046875,-0.57452392578125,0.0691680908203125
1783169686397623300,8.457623291015626,-0.862579345703125,-0.563995361328125,0.0825347900390625
1783169686407572200,8.467572265625,-0.8831634521484375,-0.5585174560546875,0.0959625244140625
1783169686417551400,8.47755126953125,-0.8946533203125,-0.554351806640625,0.10498046875
1783169686427500300,8.487500244140625,-0.909576416015625,-0.5515899658203125,0.1045379638671875
1783169686437449200,8.49744921875,-0.9246978759765625,-0.548828125,0.100921630859375
1783169686447428400,8.507428466796876,-0.9486236572265625,-0.544219970703125,0.103546142578125
1783169686457377300,8.517377197265626,-0.9721832275390625,-0.542236328125,0.1103515625
1783169686467325200,8.5273251953125,-0.9843902587890625,-0.5413665771484375,0.1205596923828125
1783169686477274000,8.537274169921876,-0.967559814453125,-0.5547332763671875,0.143707275390625
1783169686487253200,8.547253173828125,-0.9494781494140625,-0.5936431884765625,0.1877899169921875
1783169686497202200,8.5572021484375,-0.996978759765625,-0.6239013671875,0.22454833984375
1783169686507151000,8.567151123046875,-1.094573974609375,-0.63177490234375,0.2284393310546875
1783169686517130200,8.577130126953126,-1.1565399169921875,-0.6324005126953125,0.1992950439453125
1783169686527079400,8.587079345703126,-1.1515655517578125,-0.606781005859375,0.1516571044921875
1783169686537027000,8.597027099609376,-1.1344451904296875,-0.5349578857421875,0.10205078125
1783169686546976300,8.606976318359376,-1.111328125,-0.4476470947265625,0.05279541015625
1783169686556955400,8.616955322265625,-1.069976806640625,-0.380279541015625,0.0157928466796875
1783169686566904300,8.626904296875,-1.0259246826171875,-0.3445587158203125,-0.0000457763671875
1783169686576853200,8.636853271484375,-0.983734130859375,-0.33599853515625,0.010986328125
1783169686586832400,8.646832275390626,-0.9396820068359375,-0.34210205078125,0.0449676513671875
1783169686596781300,8.65678125,-0.88604736328125,-0.3578948974609375,0.0894012451171875
1783169686606730200,8.666730224609376,-0.8317108154296875,-0.3756256103515625,0.14111328125
1783169686616678100,8.67667822265625,-0.8040313720703125,-0.39044189453125,0.1868133544921875
1783169686626658300,8.686658203125,-0.783935546875,-0.4086456298828125,0.220184326171875
1783169686636606200,8.696606201171875,-0.763427734375,-0.4348907470703125,0.2398223876953125
1783169686646555100,8.70655517578125,-0.76031494140625,-0.46063232421875,0.245574951171875
1783169686656534300,8.7165341796875,-0.7654266357421875,-0.4769439697265625,0.233978271484375
1783169686666483200,8.726483154296876,-0.774871826171875,-0.4822540283203125,0.20977783203125
1783169686676432100,8.73643212890625,-0.7960052490234375,-0.482147216796875,0.179290771484375
1783169686686380000,8.746380126953126,-0.8256683349609375,-0.4805908203125,0.1431427001953125
1783169686696360200,8.756360107421875,-0.8458709716796875,-0.4826202392578125,0.1103668212890625
1783169686706308000,8.76630810546875,-0.8458099365234375,-0.4806976318359375,0.08465576171875
1783169686716257300,8.77625732421875,-0.8417205810546875,-0.4686126708984375,0.062744140625
1783169686726236400,8.786236328125,-0.838836669921875,-0.447906494140625,0.0469207763671875
1783169686736185300,8.796185302734376,-0.834136962890625,-0.431427001953125,0.03515625
1783169686746134300,8.80613427734375,-0.812591552734375,-0.4224395751953125,0.03643798828125
1783169686756083200,8.816083251953126,-0.7870330810546875,-0.4179840087890625,0.047821044921875
1783169686766062300,8.826062255859375,-0.77410888671875,-0.4179534912109375,0.0605926513671875
1783169686776011300,8.83601123046875,-0.7688140869140625,-0.420654296875,0.0710601806640625
1783169686785959200,8.845959228515625,-0.7647247314453125,-0.42327880859375,0.080322265625
1783169686795939300,8.855939208984376,-0.761627197265625,-0.4253997802734375,0.0866851806640625
1783169686805887200,8.86588720703125,-0.7557373046875,-0.424224853515625,0.0889434814453125
1783169686815836200,8.875836181640626,-0.7489013671875,-0.4163818359375,0.0865478515625
1783169686825785000,8.88578515625,-0.7470855712890625,-0.40802001953125,0.08203125
1783169686835764200,8.89576416015625,-0.740997314453125,-0.4101104736328125,0.0771636962890625
1783169686845713200,8.905713134765625,-0.7388763427734375,-0.4187164306640625,0.0716094970703125
1783169686855661000,8.9156611328125,-0.7451171875,-0.429840087890625,0.06396484375
1783169686865641200,8.92564111328125,-0.7490234375,-0.445465087890625,0.0605621337890625
1783169686875589000,8.935589111328126,-0.75494384765625,-0.461212158203125,0.0593719482421875
1783169686885538300,8.945538330078126,-0.7767333984375,-0.479766845703125,0.0600433349609375
1783169686895487200,8.9554873046875,-0.8011016845703125,-0.4946746826171875,0.0622100830078125
1783169686905466400,8.96546630859375,-0.8073577880859375,-0.5048065185546875,0.0613250732421875
1783169686915415300,8.975415283203125,-0.806793212890625,-0.5053558349609375,0.058990478515625
1783169686925364200,8.9853642578125,-0.8064422607421875,-0.502593994140625,0.0587158203125
1783169686935343400,8.99534326171875,-0.8061676025390625,-0.506134033203125,0.0577545166015625
1783169686945292300,9.005292236328126,-0.8136138916015625,-0.5177764892578125,0.0561370849609375
1783169686955240200,9.015240234375,-0.823944091796875,-0.528564453125,0.0601654052734375
1783169686965220000,9.02522021484375,-0.84173583984375,-0.5329132080078125,0.0661163330078125
1783169686975168300,9.035168212890625,-0.8592071533203125,-0.535491943359375,0.0634613037109375
1783169686985117200,9.0451171875,-0.873504638671875,-0.5367279052734375,0.0579986572265625
1783169686995066000,9.055066162109375,-0.8899383544921875,-0.532379150390625,0.055084228515625
1783169687005045200,9.065045166015626,-0.9048919677734375,-0.532928466796875,0.0523529052734375
1783169687014994200,9.074994140625,-0.9018707275390625,-0.5364227294921875,0.0478973388671875
1783169687024942000,9.084942138671876,-0.9031524658203125,-0.534423828125,0.0400543212890625
1783169687034922200,9.094922119140625,-0.91046142578125,-0.533538818359375,0.0290679931640625
1783169687044870100,9.1048701171875,-0.913818359375,-0.536834716796875,0.0231475830078125
1783169687054819300,9.1148193359375,-0.9362640380859375,-0.5448760986328125,0.012237548828125
1783169687064768300,9.124768310546875,-0.9597320556640625,-0.55401611328125,-0.0048828125
1783169687074747400,9.134747314453126,-0.9624176025390625,-0.5600128173828125,-0.0233154296875
1783169687084696300,9.1446962890625,-0.9555511474609375,-0.5660858154296875,-0.0373382568359375
1783169687094645200,9.154645263671876,-0.936065673828125,-0.58477783203125,-0.0300750732421875
1783169687104624400,9.164624267578125,-0.9188995361328125,-0.6038055419921875,-0.0111083984375
1783169687114573300,9.1745732421875,-0.93511962890625,-0.604888916015625,-0.0019073486328125
1783169687124521200,9.184521240234375,-0.9732208251953125,-0.6058197021484375,-0.0013427734375
1783169687134470100,9.19447021484375,-1.00885009765625,-0.6136474609375,-0.004364013671875
1783169687144449300,9.20444921875,-1.0503692626953125,-0.6151580810546875,-0.005859375
1783169687154398200,9.214398193359376,-1.0902862548828125,-0.594390869140625,-0.01568603515625
1783169687164347100,9.22434716796875,-1.0973968505859375,-0.5543212890625,-0.045166015625
1783169687174326300,9.234326171875,-1.0745086669921875,-0.51263427734375,-0.0767822265625
1783169687184275200,9.244275146484375,-1.048126220703125,-0.474884033203125,-0.09765625
1783169687194223000,9.25422314453125,-1.003143310546875,-0.447509765625,-0.102783203125
1783169687204172000,9.264172119140625,-0.94158935546875,-0.438446044921875,-0.09271240234375
1783169687214151200,9.274151123046876,-0.895660400390625,-0.4392547607421875,-0.0708465576171875
1783169687224100000,9.28410009765625,-0.8785400390625,-0.4470977783203125,-0.0501556396484375
1783169687234049300,9.29404931640625,-0.8850860595703125,-0.46441650390625,-0.0323486328125
1783169687244028400,9.3040283203125,-0.894195556640625,-0.489776611328125,-0.025634765625
1783169687253977300,9.313977294921875,-0.900146484375,-0.506195068359375,-0.030364990234375
1783169687263926300,9.32392626953125,-0.909149169921875,-0.50872802734375,-0.0422515869140625
1783169687273874200,9.333874267578125,-0.92291259765625,-0.5030975341796875,-0.06787109375
1783169687283854300,9.343854248046876,-0.9275054931640625,-0.4926300048828125,-0.093963623046875
1783169687293802200,9.35380224609375,-0.9230194091796875,-0.4828338623046875,-0.11566162109375
1783169687303751200,9.363751220703126,-0.91485595703125,-0.480377197265625,-0.1317901611328125
1783169687313730300,9.373730224609375,-0.884033203125,-0.47723388671875,-0.131744384765625
1783169687323679200,9.38367919921875,-0.85162353515625,-0.4671783447265625,-0.1174774169921875
1783169687333628200,9.393628173828125,-0.8263702392578125,-0.455078125,-0.10064697265625
1783169687343595300,9.40359521484375,-0.7951812744140625,-0.4538421630859375,-0.0813751220703125
1783169687353574400,9.413574462890624,-0.7604522705078125,-0.4609527587890625,-0.0584869384765625
1783169687363523300,9.4235234375,-0.7294769287109375,-0.465728759765625,-0.0370025634765625
1783169687373471200,9.43347119140625,-0.707916259765625,-0.4676361083984375,-0.0210418701171875
1783169687383450400,9.443450439453125,-0.6903076171875,-0.467315673828125,-0.0142059326171875
1783169687393399300,9.4533994140625,-0.67706298828125,-0.46881103515625,-0.0130615234375
1783169687403348500,9.463348388671875,-0.6716156005859375,-0.4718017578125,-0.0131378173828125
1783169687413297400,9.47329736328125,-0.6734771728515625,-0.47491455078125,-0.0191802978515625
1783169687423276500,9.483276611328124,-0.6761932373046875,-0.4747772216796875,-0.0213165283203125
1783169687433225500,9.4932255859375,-0.688751220703125,-0.4745635986328125,-0.0178985595703125
1783169687443173400,9.50317333984375,-0.6986236572265625,-0.476898193359375,-0.011688232421875
1783169687453153300,9.5131533203125,-0.7063140869140625,-0.4806060791015625,-0.007354736328125
1783169687463101400,9.523101318359375,-0.7182769775390625,-0.4902801513671875,-0.0064849853515625
1783169687473050400,9.53305029296875,-0.7264251708984375,-0.49920654296875,-0.009735107421875
1783169687483029200,9.543029296875,-0.7276153564453125,-0.502593994140625,-0.0123443603515625
1783169687492978400,9.552978515625,-0.72454833984375,-0.5014495849609375,-0.0124969482421875
1783169687502927400,9.56292724609375,-0.7381439208984375,-0.497589111328125,-0.008941650390625
1783169687512876300,9.572876220703124,-0.7560272216796875,-0.49798583984375,-0.0020599365234375
1783169687522855200,9.582855224609375,-0.7645416259765625,-0.5040435791015625,-0.001190185546875
1783169687532804400,9.592804443359375,-0.77423095703125,-0.5072479248046875,-0.0058441162109375
1783169687542752300,9.602752197265625,-0.7876129150390625,-0.5081787109375,-0.0147857666015625
1783169687552731400,9.6127314453125,-0.7917022705078125,-0.5105438232421875,-0.02154541015625
1783169687562680300,9.622680419921876,-0.7958984375,-0.512298583984375,-0.02825927734375
1783169687572629500,9.63262939453125,-0.81494140625,-0.5179290771484375,-0.028228759765625
1783169687582578400,9.642578369140624,-0.83184814453125,-0.5242156982421875,-0.0240020751953125
1783169687592557300,9.652557373046875,-0.8387603759765625,-0.5233306884765625,-0.023193359375
1783169687602506500,9.662506591796875,-0.84918212890625,-0.5195159912109375,-0.0250091552734375
1783169687612454400,9.672454345703125,-0.85858154296875,-0.5208587646484375,-0.0198974609375
1783169687622434300,9.682434326171874,-0.868896484375,-0.529205322265625,-0.00994873046875
1783169687632382500,9.692382568359376,-0.880584716796875,-0.5370635986328125,-0.00225830078125
1783169687642331400,9.702331298828126,-0.9003448486328125,-0.5440521240234375,0.0020294189453125
1783169687652280300,9.7122802734375,-0.9237823486328125,-0.54949951171875,0.0078582763671875
1783169687662259500,9.722259521484375,-0.9444580078125,-0.54937744140625,0.01385498046875
1783169687672208400,9.73220849609375,-0.9539031982421875,-0.5510711669921875,0.0142669677734375
1783169687682157300,9.7421572265625,-0.96026611328125,-0.5508880615234375,0.0116424560546875
1783169687692136200,9.75213623046875,-0.9615631103515625,-0.5489959716796875,0.01177978515625
1783169687702085400,9.76208544921875,-0.94732666015625,-0.54730224609375,0.0160675048828125
1783169687712033300,9.772033203125,-0.9183807373046875,-0.54833984375,0.02655029296875
1783169687721982200,9.781982177734376,-0.8809814453125,-0.5621490478515625,0.055572509765625
1783169687731961300,9.79196142578125,-0.83404541015625,-0.60284423828125,0.105010986328125
1783169687741910500,9.80191064453125,-0.8173675537109375,-0.6426239013671875,0.153961181640625
1783169687751859500,9.811859375,-0.8433685302734375,-0.6597442626953125,0.182708740234375
1783169687761838300,9.82183837890625,-0.89923095703125,-0.6656341552734375,0.1902313232421875
1783169687771787500,9.83178759765625,-0.9940185546875,-0.66412353515625,0.1752471923828125
1783169687781735400,9.8417353515625,-1.1053619384765625,-0.645843505859375,0.1182861328125
1783169687791684400,9.851684326171876,-1.1454010009765625,-0.6033477783203125,0.04547119140625
1783169687801663500,9.86166357421875,-1.121978759765625,-0.53546142578125,-0.0222930908203125
1783169687811612400,9.8716123046875,-1.0647430419921875,-0.4462890625,-0.08258056640625
1783169687821561300,9.881561279296875,-0.99212646484375,-0.3547515869140625,-0.1087646484375
1783169687831540200,9.891540283203126,-0.9175262451171875,-0.30450439453125,-0.094390869140625
1783169687841489400,9.901489501953124,-0.8537750244140625,-0.319427490234375,-0.02691650390625
1783169687851438300,9.911438232421874,-0.8358917236328125,-0.3798675537109375,0.05621337890625
1783169687861386200,9.92138623046875,-0.829315185546875,-0.439666748046875,0.1291961669921875
1783169687871366100,9.9313662109375,-0.8267059326171875,-0.48114013671875,0.1818695068359375
1783169687881314300,9.941314208984375,-0.8310699462890625,-0.504852294921875,0.2000732421875
1783169687891263200,9.95126318359375,-0.83685302734375,-0.507965087890625,0.1859893798828125
1783169687901242400,9.961242431640626,-0.8523406982421875,-0.49078369140625,0.1453704833984375
1783169687911191600,9.971191650390624,-0.8769378662109375,-0.4620513916015625,0.09967041015625
1783169687921140500,9.981140380859374,-0.885833740234375,-0.44586181640625,0.06170654296875
1783169687931119400,9.991119384765625,-0.874114990234375,-0.43914794921875,0.0383758544921875
1783169687941068300,10.001068359375,-0.85577392578125,-0.42987060546875,0.03228759765625
1783169687951016400,10.011016357421875,-0.83453369140625,-0.41986083984375,0.033447265625
1783169687960965400,10.02096533203125,-0.7980499267578125,-0.4125518798828125,0.040374755859375
1783169687970944500,10.030944580078126,-0.7584228515625,-0.409820556640625,0.0544891357421875
1783169687980893400,10.0408935546875,-0.7292022705078125,-0.4130706787109375,0.0714569091796875
1783169687990842400,10.05084228515625,-0.7100830078125,-0.42327880859375,0.0841522216796875
1783169688000821200,10.0608212890625,-0.7028045654296875,-0.4383087158203125,0.090362548828125
1783169688010770400,10.0707705078125,-0.7034454345703125,-0.451995849609375,0.0882568359375
1783169688020719400,10.08071923828125,-0.71099853515625,-0.461517333984375,0.0748443603515625
1783169688030667300,10.090667236328125,-0.7261199951171875,-0.463653564453125,0.0612945556640625
1783169688040647200,10.100647216796874,-0.7320709228515625,-0.4635009765625,0.0545654296875
1783169688050595300,10.11059521484375,-0.7266845703125,-0.4634857177734375,0.0466156005859375
1783169688060544300,10.120544189453126,-0.7223358154296875,-0.4665069580078125,0.03912353515625
1783169688070523100,10.130523193359375,-0.72186279296875,-0.474822998046875,0.04010009765625
1783169688080472600,10.14047265625,-0.7213134765625,-0.4851226806640625,0.0545196533203125
1783169688090421500,10.15042138671875,-0.7219390869140625,-0.4975433349609375,0.0671539306640625
1783169688100369400,10.160369384765625,-0.7228546142578125,-0.5074005126953125,0.0756072998046875
1783169688110349300,10.170349365234374,-0.7269744873046875,-0.5147247314453125,0.08056640625
1783169688120297500,10.18029736328125,-0.7352294921875,-0.516326904296875,0.083038330078125
1783169688130246400,10.190246337890626,-0.747650146484375,-0.51788330078125,0.0785064697265625
1783169688140225500,10.2002255859375,-0.761993408203125,-0.5201568603515625,0.06640625
1783169688150174500,10.210174560546875,-0.7730560302734375,-0.5215301513671875,0.0542144775390625
1783169688160123400,10.220123291015625,-0.7813568115234375,-0.519195556640625,0.049163818359375
1783169688170072300,10.230072265625,-0.7907257080078125,-0.516265869140625,0.0520172119140625
1783169688180051200,10.24005126953125,-0.793304443359375,-0.52178955078125,0.0557098388671875
1783169688190000400,10.25000048828125,-0.7953948974609375,-0.5316314697265625,0.06317138671875
1783169688199948300,10.2599482421875,-0.8048553466796875,-0.540313720703125,0.069183349609375
1783169688209928200,10.26992822265625,-0.8165283203125,-0.5503387451171875,0.0732421875
1783169688219876400,10.27987646484375,-0.826385498046875,-0.5608367919921875,0.073486328125
1783169688229825300,10.2898251953125,-0.843658447265625,-0.5668182373046875,0.072601318359375
1783169688239774500,10.2997744140625,-0.86767578125,-0.5717926025390625,0.0702362060546875
1783169688249753300,10.30975341796875,-0.8955535888671875,-0.5747528076171875,0.0561370849609375
1783169688259702500,10.31970263671875,-0.925537109375,-0.5729522705078125,0.035797119140625
1783169688269650400,10.329650390625,-0.953399658203125,-0.573028564453125,0.017547607421875
1783169688279630300,10.33963037109375,-0.97796630859375,-0.5736083984375,-0.0016937255859375
1783169688289578500,10.34957861328125,-1.0031890869140625,-0.571685791015625,-0.0223388671875
1783169688299527400,10.35952734375,-1.00909423828125,-0.572784423828125,-0.03253173828125
1783169688309476400,10.369476318359375,-0.9921112060546875,-0.58453369140625,-0.031158447265625
1783169688319455500,10.37945556640625,-1.000457763671875,-0.5904693603515625,-0.0311431884765625
1783169688329404400,10.389404296875,-1.04388427734375,-0.5885772705078125,-0.0358734130859375
1783169688339368400,10.399368408203125,-1.0709686279296875,-0.588287353515625,-0.0457611083984375
1783169688349347300,10.409347412109375,-1.074249267578125,-0.5828094482421875,-0.06201171875
1783169688359296300,10.419296142578125,-1.081390380859375,-0.5606536865234375,-0.0835723876953125
1783169688369244400,10.429244384765624,-1.0881500244140625,-0.5310821533203125,-0.1029052734375
1783169688379193300,10.439193359375,-1.0889739990234375,-0.50396728515625,-0.1210479736328125
1783169688389172200,10.449172119140625,-1.0794219970703125,-0.4812469482421875,-0.138946533203125
1783169688399121400,10.459121337890625,-1.053955078125,-0.4636688232421875,-0.14886474609375
1783169688409070600,10.469070556640625,-1.016082763671875,-0.4483642578125,-0.1468963623046875
1783169688419049500,10.479049560546875,-0.968231201171875,-0.437591552734375,-0.135101318359375
1783169688428998400,10.488998291015625,-0.9152374267578125,-0.4309539794921875,-0.1145172119140625
1783169688438946600,10.498946533203124,-0.8764495849609375,-0.428192138671875,-0.0886077880859375
1783169688448926500,10.508926513671875,-0.8689727783203125,-0.4304046630859375,-0.0647430419921875
1783169688458874400,10.518874267578125,-0.88629150390625,-0.4413909912109375,-0.05303955078125
1783169688468823600,10.528823486328125,-0.908782958984375,-0.453826904296875,-0.0560302734375
1783169688478772500,10.5387724609375,-0.9290618896484375,-0.4575042724609375,-0.0675811767578125
1783169688488751400,10.54875146484375,-0.9356842041015625,-0.446807861328125,-0.0817108154296875
1783169688498700300,10.5587001953125,-0.940216064453125,-0.4285125732421875,-0.099212646484375
1783169688508649500,10.5686494140625,-0.947509765625,-0.4168243408203125,-0.120849609375
1783169688518628400,10.57862841796875,-0.947357177734375,-0.4148712158203125,-0.1366424560546875
1783169688528577300,10.588577392578125,-0.92523193359375,-0.40972900390625,-0.135498046875
1783169688538525400,10.598525390625,-0.890594482421875,-0.3981781005859375,-0.1256256103515625
1783169688548474400,10.608474365234375,-0.85498046875,-0.393585205078125,-0.1140594482421875
1783169688558453200,10.618453369140624,-0.81781005859375,-0.40216064453125,-0.09539794921875
1783169688568402200,10.628402099609374,-0.78704833984375,-0.4182891845703125,-0.0760040283203125
1783169688578351600,10.6383515625,-0.760955810546875,-0.433197021484375,-0.0614471435546875
1783169688588330500,10.64833056640625,-0.740997314453125,-0.4469146728515625,-0.04986572265625
1783169688598279400,10.658279541015625,-0.7258453369140625,-0.45751953125,-0.042938232421875
1783169688608227600,10.6682275390625,-0.711639404296875,-0.4626312255859375,-0.0418243408203125
1783169688618176500,10.678176513671875,-0.7033538818359375,-0.465484619140625,-0.046722412109375
1783169688628155400,10.6881552734375,-0.7006072998046875,-0.4701080322265625,-0.0538787841796875
1783169688638104300,10.698104248046874,-0.689544677734375,-0.475341796875,-0.0572967529296875
1783169688648053500,10.708053466796875,-0.68255615234375,-0.477874755859375,-0.055389404296875
1783169688658032400,10.718032470703125,-0.6919403076171875,-0.4820098876953125,-0.0560760498046875
1783169688667981300,10.727981201171875,-0.692626953125,-0.4847259521484375,-0.051116943359375
1783169688677930200,10.73793017578125,-0.683502197265625,-0.48486328125,-0.0321044921875
1783169688687878400,10.74787841796875,-0.6842193603515625,-0.4903411865234375,-0.0132598876953125
1783169688697858300,10.7578583984375,-0.6845245361328125,-0.4995269775390625,0.00115966796875
1783169688707806500,10.767806396484374,-0.6838836669921875,-0.507659912109375,0.012481689453125
1783169688717755400,10.77775537109375,-0.68597412109375,-0.51708984375,0.013580322265625
1783169688727734300,10.787734375,-0.68487548828125,-0.5244293212890625,0.017242431640625
1783169688737683200,10.79768310546875,-0.697052001953125,-0.5304718017578125,0.024017333984375
1783169688747632400,10.80763232421875,-0.7136688232421875,-0.5404052734375,0.0262908935546875
1783169688757580300,10.817580322265625,-0.7264251708984375,-0.54144287109375,0.031158447265625
1783169688767560400,10.827560546875,-0.743865966796875,-0.53936767578125,0.02532958984375
1783169688777508600,10.837508544921874,-0.7570343017578125,-0.5412750244140625,0.0118865966796875
1783169688787457500,10.84745751953125,-0.7597198486328125,-0.5399322509765625,0.0057525634765625
1783169688797436400,10.8574365234375,-0.7624359130859375,-0.54022216796875,0.00836181640625
1783169688807385300,10.86738525390625,-0.7662506103515625,-0.544525146484375,0.017608642578125
1783169688817334500,10.87733447265625,-0.77203369140625,-0.55291748046875,0.02923583984375
1783169688827283500,10.887283447265625,-0.775726318359375,-0.5632476806640625,0.03802490234375
1783169688837262300,10.897262451171875,-0.777008056640625,-0.5654296875,0.0507965087890625
1783169688847211300,10.907211181640625,-0.7921295166015625,-0.568817138671875,0.059112548828125
1783169688857159400,10.917159423828124,-0.801727294921875,-0.5796966552734375,0.062530517578125
1783169688867139300,10.927139404296875,-0.8189239501953125,-0.587249755859375,0.0635223388671875
1783169688877087200,10.937087158203125,-0.839630126953125,-0.5940093994140625,0.0620880126953125
1783169688887036400,10.947036376953125,-0.8587646484375,-0.600494384765625,0.0653076171875
1783169688896985300,10.9569853515625,-0.8818206787109375,-0.6094818115234375,0.06805419921875
1783169688906964200,10.966964111328124,-0.8944854736328125,-0.6173553466796875,0.0708465576171875
1783169688916913400,10.976913330078125,-0.9075927734375,-0.6145477294921875,0.07403564453125
1783169688926861300,10.986861328125,-0.9292144775390625,-0.6105804443359375,0.07476806640625
1783169688936841500,10.996841552734375,-0.9412384033203125,-0.6128997802734375,0.0771331787109375
1783169688946789400,11.006789306640625,-0.9486236572265625,-0.615478515625,0.0834197998046875
1783169688956738600,11.016738525390625,-0.94488525390625,-0.622955322265625,0.0982208251953125
1783169688966717400,11.026717529296874,-0.915191650390625,-0.64453125,0.1375579833984375
1783169688976666400,11.036666259765624,-0.906036376953125,-0.6690216064453125,0.179046630859375
1783169688986615300,11.046615234375,-0.948333740234375,-0.6699981689453125,0.19195556640625
1783169688996564500,11.056564453125,-1.0440521240234375,-0.654876708984375,0.1836395263671875
1783169689006543400,11.06654345703125,-1.1562347412109375,-0.64068603515625,0.1576690673828125
1783169689016492300,11.0764921875,-1.2164459228515625,-0.6128387451171875,0.10540771484375
1783169689026440400,11.0864404296875,-1.2046966552734375,-0.5432586669921875,0.0460968017578125
1783169689036420400,11.09642041015625,-1.1526336669921875,-0.44769287109375,-0.0066375732421875
1783169689046368300,11.1063681640625,-1.080718994140625,-0.364837646484375,-0.041412353515625
1783169689056317400,11.1163173828125,-1.007720947265625,-0.3161468505859375,-0.0415496826171875
1783169689066266400,11.126266357421875,-0.941864013671875,-0.3116607666015625,0.00152587890625
1783169689076245200,11.136245361328125,-0.906097412109375,-0.3421783447265625,0.0695648193359375
1783169689086194200,11.146194091796875,-0.8821868896484375,-0.38201904296875,0.14556884765625
1783169689096142300,11.156142333984375,-0.8656158447265625,-0.41290283203125,0.2151336669921875
1783169689106122500,11.16612255859375,-0.8495025634765625,-0.4313812255859375,0.2516632080078125
1783169689116070400,11.1760703125,-0.847686767578125,-0.436492919921875,0.26611328125
1783169689126019600,11.18601953125,-0.8593597412109375,-0.4395904541015625,0.2648162841796875
1783169689135968500,11.195968505859375,-0.8726806640625,-0.4410400390625,0.2457275390625
1783169689145947400,11.205947509765625,-0.8973388671875,-0.4413909912109375,0.2174530029296875
1783169689155896300,11.215896240234375,-0.9202117919921875,-0.445037841796875,0.1871337890625
1783169689165845500,11.225845458984375,-0.908782958984375,-0.441253662109375,0.1612396240234375
1783169689175824400,11.235824462890625,-0.87921142578125,-0.4288482666015625,0.1443634033203125
1783169689185773300,11.245773193359375,-0.8530426025390625,-0.4195556640625,0.131683349609375
1783169689195721500,11.255721435546874,-0.8153533935546875,-0.412628173828125,0.128631591796875
1783169689205670400,11.26567041015625,-0.7735595703125,-0.4098052978515625,0.13739013671875
1783169689215649300,11.275649169921875,-0.7509002685546875,-0.4120330810546875,0.15155029296875
1783169689225598200,11.28559814453125,-0.7338409423828125,-0.416412353515625,0.1645660400390625
1783169689235547400,11.29554736328125,-0.7220001220703125,-0.4188690185546875,0.175140380859375
1783169689245526300,11.3055263671875,-0.714752197265625,-0.4201507568359375,0.1822509765625
1783169689255475200,11.31547509765625,-0.710662841796875,-0.420654296875,0.18878173828125
1783169689265423400,11.32542333984375,-0.7140960693359375,-0.4279327392578125,0.195465087890625
1783169689275372500,11.33537255859375,-0.726593017578125,-0.442230224609375,0.193695068359375
1783169689285351200,11.34535107421875,-0.742767333984375,-0.4610443115234375,0.1778106689453125
1783169689295300600,11.355300537109375,-0.7460479736328125,-0.473236083984375,0.171142578125
1783169689305249500,11.36524951171875,-0.741668701171875,-0.4793853759765625,0.170989990234375
1783169689315228400,11.375228515625,-0.7293243408203125,-0.4822998046875,0.1683197021484375
1783169689325177300,11.38517724609375,-0.72247314453125,-0.4854888916015625,0.1714019775390625
1783169689335126300,11.395126220703125,-0.7310638427734375,-0.4974822998046875,0.180572509765625
1783169689345105400,11.40510546875,-0.7363128662109375,-0.512969970703125,0.18829345703125
1783169689355085300,11.415085205078125,-0.746337890625,-0.524383544921875,0.1897735595703125
1783169689365033500,11.425033447265625,-0.75439453125,-0.524810791015625,0.187896728515625
1783169689374982400,11.434982421875,-0.757965087890625,-0.51849365234375,0.183013916015625
1783169689384961300,11.444961181640625,-0.7743988037109375,-0.51727294921875,0.1753692626953125
1783169689394910200,11.45491015625,-0.7923126220703125,-0.5238800048828125,0.1683349609375
1783169689404859400,11.464859375,-0.802886962890625,-0.5301971435546875,0.159393310546875
1783169689414808300,11.474808349609376,-0.8143310546875,-0.533721923828125,0.1440277099609375
1783169689424787200,11.484787109375,-0.814971923828125,-0.5380096435546875,0.13671875
1783169689434735400,11.4947353515625,-0.8088836669921875,-0.538787841796875,0.1397552490234375
1783169689444684300,11.504684326171875,-0.809112548828125,-0.5443572998046875,0.144134521484375
1783169689454663200,11.5146630859375,-0.8163299560546875,-0.5588531494140625,0.144439697265625
1783169689464612400,11.5246123046875,-0.82672119140625,-0.57330322265625,0.140838623046875
1783169689474561500,11.5345615234375,-0.848907470703125,-0.58746337890625,0.1375885009765625
1783169689484540400,11.54454052734375,-0.861572265625,-0.59771728515625,0.13446044921875
1783169689494489300,11.5544892578125,-0.865509033203125,-0.599853515625,0.1292266845703125
1783169689504438500,11.5644384765625,-0.8813018798828125,-0.59716796875,0.1216583251953125
1783169689514386400,11.574386474609375,-0.8981170654296875,-0.5964202880859375,0.109710693359375
1783169689524366300,11.584366455078126,-0.9248809814453125,-0.5961456298828125,0.1021575927734375
1783169689534314500,11.594314453125,-0.9527740478515625,-0.59271240234375,0.091522216796875
1783169689544263400,11.604263427734375,-0.9718017578125,-0.5849609375,0.0739593505859375
1783169689554242300,11.6142421875,-0.980804443359375,-0.573883056640625,0.0560150146484375
1783169689564191200,11.624191162109375,-0.968414306640625,-0.568511962890625,0.04803466796875
1783169689574140400,11.634140380859375,-0.9414520263671875,-0.580596923828125,0.0554351806640625
1783169689584089300,11.64408935546875,-0.933563232421875,-0.599822998046875,0.07171630859375
1783169689594068200,11.654068115234375,-0.9760894775390625,-0.6112060546875,0.0762176513671875
1783169689604017200,11.66401708984375,-1.034637451171875,-0.6201324462890625,0.068634033203125
1783169689613965300,11.67396533203125,-1.0660247802734375,-0.6295623779296875,0.0552825927734375
1783169689623944200,11.683944091796874,-1.090057373046875,-0.6171112060546875,0.0249176025390625
1783169689633893400,11.693893310546875,-1.1171875,-0.5755462646484375,-0.0236053466796875
1783169689643842600,11.703842529296875,-1.1237030029296875,-0.5167694091796875,-0.0673675537109375
1783169689653791500,11.71379150390625,-1.0999908447265625,-0.466064453125,-0.1022186279296875
1783169689663770400,11.723770263671875,-1.07025146484375,-0.4290313720703125,-0.1168365478515625
1783169689673719300,11.73371923828125,-1.050537109375,-0.409942626953125,-0.11627197265625
1783169689683667500,11.74366748046875,-1.007568359375,-0.4098052978515625,-0.105316162109375
1783169689693647400,11.7536474609375,-0.9572601318359375,-0.404632568359375,-0.0765380859375
1783169689703595500,11.763595458984375,-0.9282989501953125,-0.3994903564453125,-0.0383148193359375
1783169689713544400,11.77354443359375,-0.9085693359375,-0.4075164794921875,-0.008331298828125
1783169689723493400,11.783493408203125,-0.917633056640625,-0.4262542724609375,-0.002960205078125
1783169689733472300,11.79347216796875,-0.941497802734375,-0.4410247802734375,-0.02655029296875
1783169689743421400,11.80342138671875,-0.9378662109375,-0.443206787109375,-0.05474853515625
1783169689753370400,11.813370361328126,-0.8929595947265625,-0.420257568359375,-0.07489013671875
1783169689763349200,11.823349365234375,-0.837066650390625,-0.3854522705078125,-0.0694580078125
1783169689773298200,11.833298095703125,-0.69195556640625,-0.380218505859375,0.0052642822265625
1783169689783246300,11.843246337890625,-0.7411651611328125,-0.441314697265625,0.130889892578125
1783169689793195300,11.8531953125,-0.8918914794921875,-0.483184814453125,0.1020355224609375
1783169689803174100,11.863174072265625,-0.83453369140625,-0.463226318359375,0.026519775390625
1783169689813123600,11.87312353515625,-0.755523681640625,-0.4459686279296875,-0.0047760009765625
1783169689823072500,11.883072509765626,-0.7360382080078125,-0.419586181640625,-0.018035888671875
1783169689833051400,11.893051513671875,-0.73590087890625,-0.4001617431640625,-0.030487060546875
1783169689843000300,11.903000244140625,-0.6983795166015625,-0.4138946533203125,-0.032318115234375
1783169689852948500,11.912948486328125,-0.6164703369140625,-0.4451904296875,-0.004180908203125
